timestamp,IA(A),IB(A),IC(A),IN(A),IG(A),VA(V),VB(V),VC(V),VS(V),VDC(V),LSENS1(%),LSENS2(%),LSENS3(%),LSENS4(%),*,*.1,*.2,*.3,FREQ,RMS_VA_T,RMS_VB_T,RMS_VC_T,RMS_IA_T,RMS_IB_T,RMS_IC_T
0.0,23.758787847868,-10.182337649086286,-14.70782104868019,0.8,-0.8,114.5512985522207,-393.1513703397205,278.60007178749976,357.0,-1.0,0.02,0.05,0.01,0.06,0.0,0.0,0.0,0.0,60.0,,,,,,
0.0005208333333333333,29.41564209736038,-2.2627416997969525,-24.890158697766477,0.8,1.6,25.455844122715714,-352.13917703090067,326.683332908185,268.0,-1.0,0.02,0.06,0.01,0.05,0.0,0.0,0.0,0.0,60.0,,,,,,
0.0010416666666666667,21.496046148071045,1.1313708498984762,-23.758787847868,0.0,-0.8,-52.32590180780452,-311.1269837220809,362.03867196751236,183.0,-1.0,0.02,0.05,0.01,0.05,0.0,0.0,0.0,0.0,60.0,,,,,,
0.0015625,9.05096679918781,1.1313708498984762,-11.313708498984761,0.0,-0.8,-127.27922061357856,-263.0437226013957,390.32294321497426,95.0,-1.0,0.02,0.05,0.0,0.05,0.0,0.0,0.0,0.0,60.0,,,,,,
0.0020833333333333333,-10.182337649086286,-2.2627416997969525,12.445079348883239,0.0,0.0,-205.0609665440988,-205.0609665440988,408.7077195258245,2.0,-1.0,0.01,0.06,0.01,0.05,0.0,0.0,0.0,0.0,60.0,,,,,,
0.0026041666666666665,-3.394112549695428,-19.233304448274094,23.758787847868,0.0,0.8,-261.6295090390226,-141.4213562373095,401.636651713959,-86.0,-1.0,0.02,0.05,0.0,0.05,0.0,0.0,0.0,0.0,60.0,,,,,,
0.003125,3.394112549695428,-14.70782104868019,12.445079348883239,0.0,0.8,-312.54119728445403,-53.74011537017761,364.86709909225857,-182.0,-1.0,0.01,0.05,0.0,0.04,0.0,0.0,0.0,0.0,60.0,,,,,,
0.0036458333333333334,1.1313708498984762,0.0,-1.1313708498984762,0.0,0.0,-353.5533905932738,28.284271247461902,323.85490578343877,-269.0,-1.0,0.01,0.04,0.0,0.03,0.0,0.0,0.0,0.0,60.0,,,,,,
0.004166666666666667,0.0,2.2627416997969525,-3.394112549695428,0.0,-0.8,-383.2518754031088,103.23759005323595,278.60007178749976,-344.0,-1.0,0.01,0.04,0.0,0.04,0.0,0.0,0.0,0.0,60.0,,,,,,
0.0046875,-13.576450198781712,12.445079348883239,-2.2627416997969525,0.8,-2.4,-407.2935059634514,183.84776310850236,222.03152929257593,-416.0,-1.0,0.0,0.04,0.0,0.03,0.0,0.0,0.0,0.0,60.0,,,,,,
0.005208333333333333,-22.627416997969522,12.445079348883239,10.182337649086286,0.8,0.0,-408.7077195258245,244.65894629054546,164.04877323527904,-461.0,-1.0,0.0,0.03,0.0,0.03,0.0,0.0,0.0,0.0,60.0,,,,,,
0.005729166666666666,-16.970562748477143,0.0,13.576450198781712,0.8,-2.4,-379.0092347159895,295.57063453597686,83.43860018001261,-477.0,-1.0,0.0,0.04,0.0,0.03,0.0,0.0,0.0,0.0,60.0,,,,,,
0.00625,1.1313708498984762,0.0,-1.1313708498984762,0.0,0.0,-337.9970414071697,340.82546853191593,-2.8284271247461903,-480.0,-1.0,0.0,0.03,0.0,0.02,0.0,0.0,0.0,0.0,60.0,,,,,,
0.0067708333333333336,9.05096679918781,0.0,-7.919595949289333,0.8,0.8,-295.57063453597686,373.3523804664971,-77.78174593052023,-473.0,-1.0,0.0,0.03,0.0,0.02,0.0,0.0,0.0,0.0,60.0,,,,,,
0.007291666666666667,6.788225099390856,4.525483399593905,-12.445079348883239,0.8,-0.8,-241.83051916579927,398.80822458921284,-156.97770542341357,-454.0,-1.0,0.0,0.03,0.0,0.02,0.0,0.0,0.0,0.0,60.0,,,,,,
0.0078125,0.0,19.233304448274094,-16.970562748477143,0.8,1.6,-185.26197667087547,411.5361466505707,-226.27416997969522,-422.0,-1.0,0.0,0.03,0.0,0.02,0.0,0.0,0.0,0.0,60.0,,,,,,
0.008333333333333333,-12.445079348883239,18.10193359837562,-5.656854249492381,0.0,0.0,-114.5512985522207,393.1513703397205,-278.60007178749976,-358.0,-1.0,0.0,0.03,0.0,0.02,0.0,0.0,0.0,0.0,60.0,,,,,,
0.008854166666666666,2.2627416997969525,-4.525483399593905,0.0,0.0,-1.6,-25.455844122715714,352.13917703090067,-326.683332908185,-269.0,-1.0,0.0,0.04,0.0,0.02,0.0,0.0,0.0,0.0,60.0,,,,,,
0.009375,12.445079348883239,-15.839191898578665,5.656854249492381,0.8,1.6,50.91168824543143,311.1269837220809,-363.45288552988546,-184.0,-1.0,0.0,0.03,0.0,0.02,0.0,0.0,0.0,0.0,60.0,,,,,,
0.009895833333333333,10.182337649086286,-13.576450198781712,4.525483399593905,0.0,0.8,128.69343417595167,263.0437226013957,-391.73715677734737,-95.0,-1.0,0.0,0.03,0.0,0.03,0.0,0.0,0.0,0.0,60.0,,,,,,
0.010416666666666666,14.70782104868019,-9.05096679918781,-2.2627416997969525,0.0,2.4,206.4751801064719,205.0609665440988,-410.1219330881976,-1.0,-1.0,0.0,0.03,0.0,0.03,0.0,0.0,0.0,0.0,60.0,,,,,,
0.0109375,2.2627416997969525,4.525483399593905,-6.788225099390856,-0.8,0.0,261.6295090390226,141.4213562373095,-401.636651713959,86.0,-1.0,0.0,0.04,0.0,0.03,0.0,0.0,0.0,0.0,60.0,,,,,,
0.011458333333333333,-9.05096679918781,2.2627416997969525,6.788225099390856,0.0,0.0,312.54119728445403,53.74011537017761,-364.86709909225857,182.0,-2.0,0.0,0.04,0.0,0.03,0.0,0.0,0.0,0.0,60.0,,,,,,
0.011979166666666667,-14.70782104868019,-9.05096679918781,22.627416997969522,0.8,-0.8,353.5533905932738,-29.698484809834998,-323.85490578343877,270.0,-1.0,0.0,0.04,0.0,0.04,0.0,0.0,0.0,0.0,60.0,,,,,,
0.0125,-12.445079348883239,-7.919595949289333,20.36467529817257,0.8,-0.0,383.2518754031088,-104.65180361560904,-278.60007178749976,345.0,-1.0,0.01,0.05,0.0,0.04,0.0,0.0,0.0,0.0,60.0,,,,,,
0.013020833333333334,-2.2627416997969525,-10.182337649086286,13.576450198781712,1.6,0.8,405.8792924010783,-183.84776310850236,-222.03152929257593,416.0,-1.0,0.01,0.05,0.0,0.05,0.0,0.0,0.0,0.0,60.0,,,,,,
0.013541666666666667,6.788225099390856,-2.2627416997969525,-5.656854249492381,1.6,-0.8,408.7077195258245,-244.65894629054546,-162.63455967290594,461.0,-1.0,0.01,0.05,0.01,0.05,0.0,0.0,0.0,0.0,60.0,,,,,,
0.0140625,1.1313708498984762,14.70782104868019,-15.839191898578665,1.6,0.0,379.0092347159895,-295.57063453597686,-82.02438661763952,477.0,-1.0,0.02,0.05,0.0,0.05,0.0,0.0,0.0,0.0,60.0,,,,,,
0.014583333333333334,-15.839191898578665,20.36467529817257,-5.656854249492381,0.8,-0.8,336.58282784479667,-340.82546853191593,2.8284271247461903,479.0,-1.0,0.02,0.06,0.01,0.05,0.0,0.0,0.0,0.0,60.0,,,,,,
0.015104166666666667,-18.10193359837562,22.627416997969522,-3.394112549695428,0.8,0.8,295.57063453597686,-373.3523804664971,77.78174593052023,472.0,-1.0,0.02,0.06,0.01,0.06,0.0,0.0,0.0,0.0,60.0,,,,,,
0.015625,-12.445079348883239,11.313708498984761,0.0,0.0,-0.8,241.83051916579927,-398.80822458921284,158.39191898578665,453.0,-1.0,0.02,0.06,0.0,0.05,0.0,0.0,0.0,0.0,60.0,,,,,,
0.016145833333333335,0.0,-2.2627416997969525,3.394112549695428,0.0,0.8,183.84776310850236,-411.5361466505707,226.27416997969522,420.0,-1.0,0.02,0.06,0.0,0.06,0.0,0.0,0.0,0.0,60.0,,,,,,
0.016666666666666666,22.627416997969522,-11.313708498984761,-13.576450198781712,0.0,-1.6,113.13708498984761,-391.73715677734737,278.60007178749976,356.0,-1.0,0.02,0.06,0.01,0.06,0.0,0.0,0.0,0.0,60.0,283.1389897205964,283.45799953432254,282.65902603667195,12.552290627610565,10.972693379476164,12.265398485169571
0.0171875,27.152900397563425,-3.394112549695428,-22.627416997969522,0.0,0.8,24.041630560342618,-352.13917703090067,326.683332908185,267.0,-1.0,0.02,0.05,0.0,0.06,0.0,0.0,0.0,0.0,60.0,283.13512675046167,283.45799953432254,282.65902603667195,12.391932859727737,10.981803130633876,12.127654348636426
0.017708333333333333,20.36467529817257,1.1313708498984762,-22.627416997969522,0.0,-0.8,-52.32590180780452,-311.1269837220809,362.03867196751236,182.0,-1.0,0.02,0.05,0.01,0.06,0.0,0.0,0.0,0.0,60.0,283.13512675046167,283.45799953432254,282.65902603667195,12.332072007574398,10.981803130633876,12.05985074534507
0.018229166666666668,11.313708498984761,0.0,-10.182337649086286,0.0,0.8,-128.69343417595167,-261.6295090390226,390.32294321497426,94.0,-1.0,0.01,0.06,0.0,0.05,0.0,0.0,0.0,0.0,60.0,283.15510325614827,283.4170954617946,282.65902603667195,12.390318801386833,10.979981785048645,12.028299963003917
0.01875,-6.788225099390856,-3.394112549695428,10.182337649086286,0.0,-0.0,-206.4751801064719,-205.0609665440988,410.1219330881976,1.0,-1.0,0.01,0.06,0.01,0.05,0.0,0.0,0.0,0.0,60.0,283.1872172256368,283.4170954617946,282.72303142828673,12.317467272130258,10.989085494252924,11.961605243444545
0.019270833333333334,-2.2627416997969525,-20.36467529817257,21.496046148071045,0.0,-0.8,-261.6295090390226,-140.00714267493643,401.636651713959,-87.0,-1.0,0.01,0.05,0.0,0.05,0.0,0.0,0.0,0.0,60.0,283.1872172256368,283.3951525696938,282.72303142828673,12.309346042743297,11.052601503718481,11.827087553578016
0.019791666666666666,3.394112549695428,-15.839191898578665,11.313708498984761,0.0,-0.8,-312.54119728445403,-52.32590180780452,364.86709909225857,-183.0,-1.0,0.0,0.05,0.0,0.04,0.0,0.0,0.0,0.0,60.0,283.1872172256368,283.38688219464217,282.72303142828673,12.309346042743297,11.101351269102336,11.79152237838694
0.0203125,3.394112549695428,0.0,-2.2627416997969525,0.0,0.8,-353.5533905932738,29.698484809834998,322.4406922210657,-270.0,-1.0,0.01,0.05,0.0,0.04,0.0,0.0,0.0,0.0,60.0,283.1872172256368,283.3914033629108,282.672513697388,12.322337440599492,11.101351269102336,11.796609682446903
0.020833333333333332,0.0,3.394112549695428,-3.394112549695428,0.8,0.0,-383.2518754031088,104.65180361560904,278.60007178749976,-345.0,-1.0,0.0,0.04,0.0,0.03,0.0,0.0,0.0,0.0,60.0,283.1872172256368,283.407612812359,282.672513697388,12.322337440599492,11.11035552986492,11.796609682446903
0.021354166666666667,-12.445079348883239,14.70782104868019,0.0,0.0,1.6,-407.2935059634514,183.84776310850236,222.03152929257593,-417.0,-1.0,0.0,0.04,0.0,0.04,0.0,0.0,0.0,0.0,60.0,283.1872172256368,283.407612812359,282.672513697388,12.284950142348974,11.196428001822726,11.789826122551597
0.021875,-22.627416997969522,12.445079348883239,9.05096679918781,0.0,-0.8,-408.7077195258245,244.65894629054546,162.63455967290594,-461.0,-1.0,0.0,0.03,0.0,0.02,0.0,0.0,0.0,0.0,60.0,283.1872172256368,283.407612812359,282.6469750413048,12.284950142348972,11.196428001822726,11.760952342391326
0.022395833333333334,-16.970562748477143,1.1313708498984762,13.576450198781712,0.8,-1.6,-379.0092347159895,295.57063453597686,83.43860018001261,-477.0,-1.0,0.0,0.04,0.0,0.02,0.0,0.0,0.0,0.0,60.0,283.1872172256368,283.407612812359,282.6469750413048,12.284950142348972,11.198214143335536,11.760952342391326
0.022916666666666665,3.394112549695428,-1.1313708498984762,-2.2627416997969525,0.0,0.0,-337.9970414071697,340.82546853191593,-2.8284271247461903,-480.0,-1.0,0.0,0.04,0.0,0.02,0.0,0.0,0.0,0.0,60.0,283.1872172256368,283.407612812359,282.6469750413048,12.297967311714569,11.200000000000001,11.766052864066182
0.0234375,7.919595949289333,-1.1313708498984762,-7.919595949289333,0.8,-0.8,-295.57063453597686,373.3523804664971,-79.19595949289332,-473.0,-1.0,0.0,0.03,0.0,0.02,0.0,0.0,0.0,0.0,60.0,283.1872172256368,283.407612812359,282.6592471510529,12.273548794053008,11.20178557195236,11.766052864066182
0.023958333333333335,5.656854249492381,6.788225099390856,-13.576450198781712,0.8,-0.8,-241.83051916579927,400.22243815158595,-158.39191898578665,-454.0,-1.0,0.0,0.03,0.0,0.02,0.0,0.0,0.0,0.0,60.0,283.1872172256368,283.469905810123,282.6839003197741,12.255610959882826,11.23743743030412,11.805083650698965
0.024479166666666666,0.0,18.10193359837562,-19.233304448274094,0.0,-0.8,-185.26197667087547,411.5361466505707,-226.27416997969522,-421.0,-1.0,0.0,0.03,0.0,0.02,0.0,0.0,0.0,0.0,60.0,283.1872172256368,283.469905810123,282.6839003197742,12.255610959882826,11.178550889985699,11.913018089468343
0.025,-14.70782104868019,16.970562748477143,-6.788225099390856,0.0,-3.2,-113.13708498984761,393.1513703397205,-278.60007178749976,-357.0,-1.0,0.0,0.03,0.0,0.02,0.0,0.0,0.0,0.0,60.0,283.16945015308414,283.469905810123,282.6839003197741,12.333693688429271,11.122949249187467,11.931470990619722
0.025520833333333333,2.2627416997969525,-5.656854249492381,1.1313708498984762,0.0,-1.6,-24.041630560342618,352.13917703090067,-326.683332908185,-268.0,-1.0,0.0,0.03,0.0,0.02,0.0,0.0,0.0,0.0,60.0,283.16558759849335,283.469905810123,282.6839003197741,12.333693688429271,11.13912025251546,11.933147112141038
0.026041666666666668,9.05096679918781,-15.839191898578665,5.656854249492381,0.0,-0.8,52.32590180780452,311.1269837220809,-363.45288552988546,-183.0,-1.0,0.0,0.04,0.0,0.02,0.0,0.0,0.0,0.0,60.0,283.1736437241291,283.469905810123,282.6839003197741,12.240914998479486,11.139120252515458,11.933147112141038
0.0265625,7.919595949289333,-14.70782104868019,4.525483399593905,0.0,-1.6,130.10764773832474,261.6295090390226,-391.73715677734737,-93.0,-1.0,0.0,0.03,0.0,0.02,0.0,0.0,0.0,0.0,60.0,283.1938382098029,283.4290034558919,282.6839003197741,12.188519188154073,11.183917024012654,11.933147112141038
0.027083333333333334,14.70782104868019,-11.313708498984761,-2.2627416997969525,0.0,0.8,206.4751801064719,203.6467529817257,-410.1219330881976,0.0,-1.0,0.0,0.03,0.0,0.03,0.0,0.0,0.0,0.0,60.0,283.1938382098029,283.3971374237926,282.6839003197741,12.188519188154071,11.248110952511094,11.933147112141036
0.027604166666666666,1.1313708498984762,3.394112549695428,-7.919595949289333,0.8,-2.4,261.6295090390226,140.00714267493643,-401.636651713959,87.0,-1.0,0.0,0.04,0.0,0.03,0.0,0.0,0.0,0.0,60.0,283.1938382098029,283.37519298625983,282.6839003197741,12.183595528414426,11.235657524150513,11.954915307102763
0.028125,-10.182337649086286,2.2627416997969525,5.656854249492381,0.8,-1.6,312.54119728445403,52.32590180780452,-364.86709909225857,183.0,-2.0,0.0,0.04,0.0,0.03,0.0,0.0,0.0,0.0,60.0,283.1938382098029,283.36692202866584,282.6839003197741,12.211470017978998,11.235657524150513,11.936498649101418
0.028645833333333332,-12.445079348883239,-6.788225099390856,20.36467529817257,0.0,0.8,353.5533905932738,-29.698484809834998,-322.4406922210657,271.0,-2.0,0.0,0.05,0.0,0.04,0.0,0.0,0.0,0.0,60.0,283.1938382098029,283.36692202866584,282.63337559460314,12.13260071048248,11.185705163287652,11.80847153530041
0.029166666666666667,-13.576450198781712,-5.656854249492381,19.233304448274094,0.0,0.0,383.2518754031088,-104.65180361560904,-277.18585822512665,346.0,-1.0,0.01,0.05,0.0,0.04,0.0,0.0,0.0,0.0,60.0,283.1938382098029,283.36692202866584,282.58991931772795,12.170456030897117,11.142710621747296,11.749042514179612
0.0296875,-1.1313708498984762,-9.05096679918781,11.313708498984761,0.0,0.8,405.8792924010783,-183.84776310850236,-220.61731573020285,416.0,-1.0,0.01,0.05,0.0,0.04,0.0,0.0,0.0,0.0,60.0,283.1938382098029,283.36692202866584,282.5553043211187,12.165525060596439,11.112155506471282,11.67390251800999
0.030208333333333334,9.05096679918781,-1.1313708498984762,-5.656854249492381,0.0,1.6,408.7077195258245,-246.07315985291856,-162.63455967290594,461.0,-1.0,0.01,0.05,0.01,0.05,0.0,0.0,0.0,0.0,60.0,283.1938382098029,283.40518696735245,282.5553043211187,12.211470017978998,11.106754701531859,11.67390251800999
0.030729166666666665,1.1313708498984762,13.576450198781712,-15.839191898578665,0.0,-0.8,377.5950211536164,-296.98484809834997,-82.02438661763952,477.0,-1.0,0.02,0.05,0.01,0.06,0.0,0.0,0.0,0.0,60.0,283.13479563628346,283.45138472055487,282.5553043211187,12.211470017978998,11.061645447219869,11.673902518009992
0.03125,-15.839191898578665,20.36467529817257,-6.788225099390856,0.0,-1.6,336.58282784479667,-340.82546853191593,4.242640687119286,479.0,-1.0,0.02,0.05,0.01,0.06,0.0,0.0,0.0,0.0,60.0,283.13479563628346,283.45138472055487,282.5558573096654,12.211470017978998,11.061645447219867,11.692732785794773
0.03177083333333333,-20.36467529817257,22.627416997969522,-5.656854249492381,0.8,-2.4,294.1564209736038,-373.3523804664971,79.19595949289332,472.0,-1.0,0.02,0.06,0.01,0.05,0.0,0.0,0.0,0.0,60.0,283.08876699720884,283.45138472055487,282.56813337671326,12.32233744059949,11.061645447219867,11.72006825918689
0.03229166666666667,-15.839191898578665,11.313708498984761,1.1313708498984762,0.8,-2.4,240.41630560342617,-400.22243815158595,158.39191898578665,453.0,-1.0,0.03,0.06,0.01,0.06,0.0,0.0,0.0,0.0,60.0,283.0511217077226,283.5136681008519,282.56813337671326,12.443472184241825,11.061645447219867,11.721774609674084
0.0328125,-2.2627416997969525,-3.394112549695428,3.394112549695428,0.0,-1.6,182.43354954612929,-411.5361466505707,227.68838354206832,420.0,-1.0,0.03,0.05,0.01,0.06,0.0,0.0,0.0,0.0,60.0,283.02252560529524,283.5136681008519,282.6036314345589,12.449899597988734,11.07068200247844,11.721774609674084
0.03333333333333333,23.758787847868,-11.313708498984761,-13.576450198781712,0.0,-0.8,111.72287142747452,-391.73715677734737,280.01428534987286,355.0,-1.0,0.02,0.05,0.01,0.05,0.0,0.0,0.0,0.0,60.0,283.0049690376478,283.5136681008519,282.64730672695254,12.515590277729615,11.070682002478438,11.721774609674084
0.033854166666666664,26.021529547664947,-2.2627416997969525,-22.627416997969522,0.0,0.8,22.627416997969522,-350.7249634685276,326.683332908185,266.0,-1.0,0.02,0.06,0.0,0.06,0.0,0.0,0.0,0.0,60.0,283.001325085237,283.45888149782854,282.64730672695254,12.440257232067191,11.061645447219867,11.721774609674084
0.034375,20.36467529817257,2.2627416997969525,-22.627416997969522,0.8,0.0,-53.74011537017761,-309.7127701597078,363.45288552988546,181.0,-1.0,0.02,0.05,0.0,0.06,0.0,0.0,0.0,0.0,60.0,283.0096067274042,283.41047969332396,282.7040192498154,12.440257232067191,11.067068265805538,11.721774609674084
0.034895833333333334,7.919595949289333,0.0,-11.313708498984761,0.0,-2.4,-130.10764773832474,-261.6295090390226,390.32294321497426,93.0,-1.0,0.02,0.06,0.01,0.05,0.0,0.0,0.0,0.0,60.0,283.02981291729674,283.41047969332396,282.7040192498154,12.357993364620327,11.067068265805538,11.754148203932091
0.035416666666666666,-7.919595949289333,-2.2627416997969525,10.182337649086286,0.0,-0.0,-206.4751801064719,-203.6467529817257,410.1219330881976,-1.0,-1.0,0.02,0.05,0.0,0.05,0.0,0.0,0.0,0.0,60.0,283.02981291729674,283.37861157822056,282.7040192498154,12.379014500355028,11.05802875742327,11.754148203932091
0.0359375,-1.1313708498984762,-20.36467529817257,21.496046148071045,0.8,0.0,-261.6295090390226,-138.59292911256333,400.22243815158595,-88.0,-1.0,0.01,0.05,0.0,0.05,0.0,0.0,0.0,0.0,60.0,283.0298129172968,283.3568862759471,282.64133632573987,12.374166638606418,11.05802875742327,11.754148203932091
0.036458333333333336,4.525483399593905,-15.839191898578665,11.313708498984761,0.0,0.0,-312.54119728445403,-52.32590180780452,363.45288552988546,-184.0,-1.0,0.0,0.05,0.0,0.04,0.0,0.0,0.0,0.0,60.0,283.0298129172968,283.3568862759471,282.5843900501229,12.38547536431283,11.05802875742327,11.754148203932091
0.03697916666666667,1.1313708498984762,0.0,-1.1313708498984762,0.0,0.0,-353.5533905932738,29.698484809834998,322.4406922210657,-271.0,-1.0,0.01,0.04,0.0,0.04,0.0,0.0,0.0,0.0,60.0,283.02981291729674,283.3568862759471,282.5843900501229,12.372550262577235,11.05802875742327,11.749042514179614
0.0375,0.0,4.525483399593905,-2.2627416997969525,0.8,1.6,-383.2518754031088,106.06601717798213,277.18585822512665,-346.0,-1.0,0.0,0.04,0.0,0.04,0.0,0.0,0.0,0.0,60.0,283.02981291729674,283.37331825703,282.5409262390141,12.372550262577235,11.070682002478438,11.740528097151337
0.03802083333333333,-10.182337649086286,14.70782104868019,-1.1313708498984762,0.0,2.4,-407.2935059634514,185.26197667087547,220.61731573020285,-417.0,-1.0,0.0,0.04,0.0,0.03,0.0,0.0,0.0,0.0,60.0,283.02981291729674,283.4020994982218,282.50630523936985,12.30772115381235,11.070682002478438,11.742231474468555
0.03854166666666667,-22.627416997969522,13.576450198781712,10.182337649086286,0.0,0.8,-408.7077195258245,246.07315985291856,161.22034611053286,-461.0,-1.0,0.0,0.04,0.0,0.03,0.0,0.0,0.0,0.0,60.0,283.02981291729674,283.4403596878892,282.4809728105594,12.30772115381235,11.11215550647128,11.77115117564973
0.0390625,-16.970562748477143,1.1313708498984762,13.576450198781712,0.0,-1.6,-379.0092347159895,295.57063453597686,82.02438661763952,-477.0,-1.0,0.0,0.04,0.0,0.02,0.0,0.0,0.0,0.0,60.0,283.02981291729674,283.4403596878892,282.468029164364,12.30772115381235,11.11215550647128,11.77115117564973
0.03958333333333333,4.525483399593905,-1.1313708498984762,-3.394112549695428,0.8,0.0,-336.58282784479667,340.82546853191593,-4.242640687119286,-480.0,-1.0,0.0,0.03,0.0,0.02,0.0,0.0,0.0,0.0,60.0,282.97714130296816,283.4403596878892,282.4685823237692,12.319090875547595,11.112155506471282,11.779643458101779
0.04010416666666667,9.05096679918781,0.0,-7.919595949289333,0.0,0.8,-295.57063453597686,373.3523804664971,-79.19595949289332,-473.0,-1.0,0.0,0.03,0.0,0.02,0.0,0.0,0.0,0.0,60.0,282.97714130296816,283.4403596878892,282.4685823237692,12.343419299367579,11.11035552986492,11.779643458101779
0.040625,4.525483399593905,5.656854249492381,-13.576450198781712,0.0,-2.4,-240.41630560342617,400.22243815158595,-159.80613254815975,-453.0,-1.0,0.0,0.03,0.0,0.02,0.0,0.0,0.0,0.0,60.0,282.9394811616081,283.4403596878892,282.49347337593485,12.328828005937952,11.090536506409418,11.779643458101779
0.04114583333333333,0.0,19.233304448274094,-16.970562748477143,0.8,1.6,-183.84776310850236,411.5361466505707,-227.68838354206832,-420.0,-1.0,0.0,0.03,0.0,0.02,0.0,0.0,0.0,0.0,60.0,282.91065285704605,283.4403596878892,282.52898081435825,12.328828005937952,11.149887891813085,11.670475568716128
0.041666666666666664,-13.576450198781712,16.970562748477143,-4.525483399593905,0.8,-0.8,-113.13708498984761,391.73715677734737,-280.01428534987286,-356.0,-1.0,0.0,0.03,0.0,0.02,0.0,0.0,0.0,0.0,60.0,282.91065285704605,283.3791629601584,282.57266764497945,12.288205727444506,11.149887891813085,11.636150566231086
0.0421875,4.525483399593905,-4.525483399593905,1.1313708498984762,0.0,0.8,-22.627416997969522,352.13917703090067,-326.683332908185,-267.0,-1.0,0.0,0.03,0.0,0.02,0.0,0.0,0.0,0.0,60.0,282.9070076898061,283.3791629601584,282.57266764497945,12.307721153812349,11.133732527773425,11.636150566231084
0.042708333333333334,11.313708498984761,-16.970562748477143,6.788225099390856,0.0,0.8,53.74011537017761,309.7127701597078,-363.45288552988546,-182.0,-1.0,0.0,0.03,0.0,0.02,0.0,0.0,0.0,0.0,60.0,282.9152920928807,283.3307475372202,282.57266764497945,12.366082645688568,11.185705163287652,11.655041827466771
0.043229166666666666,10.182337649086286,-15.839191898578665,5.656854249492381,0.0,-0.0,130.10764773832474,261.6295090390226,-391.73715677734737,-92.0,-1.0,0.0,0.03,0.0,0.02,0.0,0.0,0.0,0.0,60.0,282.9152920928807,283.3307475372202,282.57266764497945,12.417729261020309,11.233877335986895,11.670475568716126
0.04375,15.839191898578665,-10.182337649086286,-4.525483399593905,0.0,0.8,207.88939366884497,203.6467529817257,-410.1219330881976,1.0,-1.0,0.0,0.03,0.0,0.02,0.0,0.0,0.0,0.0,60.0,282.9476541694594,283.3307475372202,282.57266764497945,12.46113959475617,11.200000000000001,11.691022196540386
0.044270833333333336,1.1313708498984762,4.525483399593905,-9.05096679918781,0.0,-2.4,261.6295090390226,138.59292911256333,-401.636651713959,88.0,-1.0,0.0,0.04,0.0,0.04,0.0,0.0,0.0,0.0,60.0,282.94765416945944,283.30901856453494,282.57266764497945,12.46113959475617,11.212493032327824,11.716654812701446
0.04479166666666667,-9.05096679918781,1.1313708498984762,6.788225099390856,0.0,-0.8,312.54119728445403,52.32590180780452,-363.45288552988546,184.0,-2.0,0.0,0.05,0.0,0.04,0.0,0.0,0.0,0.0,60.0,282.94765416945944,283.30901856453494,282.5157075279178,12.433824833895642,11.207140580897521,11.73541648174448
0.0453125,-12.445079348883239,-7.919595949289333,20.36467529817257,0.8,-0.0,353.5533905932738,-31.112698372208094,-322.4406922210657,272.0,-1.0,0.0,0.05,0.0,0.04,0.0,0.0,0.0,0.0,60.0,282.9476541694594,283.3137615789251,282.5157075279178,12.433824833895642,11.230316113093167,11.73541648174448
0.04583333333333333,-12.445079348883239,-6.788225099390856,19.233304448274094,0.0,0.0,383.2518754031088,-106.06601717798213,-277.18585822512665,347.0,-1.0,0.01,0.05,0.0,0.05,0.0,0.0,0.0,0.0,60.0,282.9476541694594,283.3301960610623,282.5157075279178,12.39677377384939,11.249888888340188,11.735416481744481
0.04635416666666667,0.0,-11.313708498984761,13.576450198781712,0.0,1.6,405.8792924010783,-185.26197667087547,-220.61731573020285,417.0,-1.0,0.01,0.05,0.0,0.04,0.0,0.0,0.0,0.0,60.0,282.9476541694594,283.358981682247,282.5157075279178,12.395160345876937,11.313708498984761,11.810165113155701
0.046875,7.919595949289333,-2.2627416997969525,-4.525483399593905,0.0,0.8,408.7077195258245,-246.07315985291856,-161.22034611053286,462.0,-1.0,0.02,0.06,0.0,0.05,0.0,0.0,0.0,0.0,60.0,282.94765416945944,283.358981682247,282.4903759422611,12.370933675353692,11.31901055746482,11.794914158229385
0.04739583333333333,1.1313708498984762,14.70782104868019,-15.839191898578665,0.8,0.0,377.5950211536164,-296.98484809834997,-80.61017305526643,477.0,-1.0,0.02,0.05,0.0,0.05,0.0,0.0,0.0,0.0,60.0,282.9476541694594,283.358981682247,282.47765398346115,12.370933675353692,11.363098169073433,11.794914158229385
0.04791666666666667,-19.233304448274094,20.36467529817257,-5.656854249492381,1.6,-3.2,336.58282784479667,-340.82546853191593,4.242640687119286,479.0,-1.0,0.02,0.06,0.01,0.05,0.0,0.0,0.0,0.0,60.0,282.9476541694594,283.358981682247,282.47765398346115,12.520383380711632,11.363098169073433,11.776247280012425
0.0484375,-19.233304448274094,22.627416997969522,-4.525483399593905,0.8,-0.8,294.1564209736038,-373.3523804664971,79.19595949289332,472.0,-1.0,0.02,0.06,0.01,0.06,0.0,0.0,0.0,0.0,60.0,282.9476541694594,283.358981682247,282.47765398346115,12.464349160706307,11.363098169073433,11.760952342391326
0.04895833333333333,-14.70782104868019,13.576450198781712,0.0,0.8,-0.8,239.0020920410531,-400.22243815158595,159.80613254815975,452.0,-1.0,0.02,0.06,0.01,0.06,0.0,0.0,0.0,0.0,60.0,282.9102110210941,283.358981682247,282.5025442363307,12.420950044179392,11.440279716860074,11.75925167687128
0.049479166666666664,0.0,-3.394112549695428,3.394112549695428,0.0,0.0,182.43354954612929,-411.5361466505707,227.68838354206832,419.0,-1.0,0.02,0.06,0.01,0.06,0.0,0.0,0.0,0.0,60.0,282.9102110210941,283.358981682247,282.5025442363308,12.414507642270797,11.440279716860074,11.759251676871282
0.05,22.627416997969522,-10.182337649086286,-11.313708498984761,0.0,0.8,110.30865786510142,-391.73715677734737,280.01428534987286,354.0,-1.0,0.03,0.06,0.01,0.06,0.0,0.0,0.0,0.0,60.0,282.89286841488246,283.358981682247,282.5025442363308,12.348279232346506,11.40701538527936,11.684177335182824
0.050520833333333334,27.152900397563425,-2.2627416997969525,-23.758787847868,0.0,0.8,21.213203435596427,-350.7249634685276,328.0975464705581,265.0,-1.0,0.02,0.06,0.01,0.05,0.0,0.0,0.0,0.0,60.0,282.8894439529337,283.358981682247,282.5537559474303,12.424169992397884,11.40701538527936,11.754148203932091
0.051041666666666666,20.36467529817257,1.1313708498984762,-23.758787847868,0.0,-1.6,-53.74011537017761,-309.7127701597078,363.45288552988546,180.0,-1.0,0.02,0.05,0.01,0.05,0.0,0.0,0.0,0.0,60.0,282.8894439529337,283.358981682247,282.5537559474303,12.424169992397884,11.40175425099138,11.823705003085962
0.0515625,10.182337649086286,1.1313708498984762,-11.313708498984761,0.0,0.0,-130.10764773832474,-260.2152954766495,391.73715677734737,92.0,-1.0,0.02,0.05,0.01,0.05,0.0,0.0,0.0,0.0,60.0,282.8894439529337,283.31828391404605,282.61491025775695,12.475576139000557,11.403508232118746,11.823705003085962
0.052083333333333336,-9.05096679918781,-4.525483399593905,10.182337649086286,0.8,-2.4,-207.88939366884497,-203.6467529817257,410.1219330881976,-2.0,-1.0,0.02,0.05,0.01,0.05,0.0,0.0,0.0,0.0,60.0,282.9218089861579,283.31828391404605,282.61491025775695,12.499599993599796,11.424535001478178,11.823705003085964
0.05260416666666667,-2.2627416997969525,-20.36467529817257,21.496046148071045,0.0,-0.8,-263.0437226013957,-138.59292911256333,400.22243815158595,-89.0,-1.0,0.01,0.05,0.0,0.05,0.0,0.0,0.0,0.0,60.0,282.9627846555091,283.31828391404605,282.61491025775695,12.50439922587247,11.424535001478178,11.823705003085962
0.053125,3.394112549695428,-15.839191898578665,11.313708498984761,0.8,-0.8,-313.95541084682714,-50.91168824543143,363.45288552988546,-185.0,-1.0,0.0,0.04,0.0,0.04,0.0,0.0,0.0,0.0,60.0,283.0117047049468,283.3102319013558,282.61491025775695,12.493198149393136,11.424535001478178,11.823705003085962
0.05364583333333333,0.0,0.0,-1.1313708498984762,0.0,-0.8,-353.5533905932738,31.112698372208094,322.4406922210657,-272.0,-1.0,0.0,0.04,0.0,0.04,0.0,0.0,0.0,0.0,60.0,283.0117047049468,283.3149748954333,282.61491025775695,12.491597175701754,11.424535001478178,11.823705003085962
0.05416666666666667,-2.2627416997969525,3.394112549695428,-2.2627416997969525,0.0,-0.8,-383.2518754031088,106.06601717798213,277.18585822512665,-347.0,-1.0,0.0,0.04,0.0,0.04,0.0,0.0,0.0,0.0,60.0,283.0117047049468,283.3149748954333,282.61491025775695,12.497999839974396,11.412274094149685,11.823705003085962
0.0546875,-13.576450198781712,13.576450198781712,0.0,0.0,0.0,-407.2935059634514,186.67619023324855,220.61731573020285,-418.0,-1.0,0.0,0.04,0.0,0.03,0.0,0.0,0.0,0.0,60.0,283.0117047049468,283.34398264300586,282.61491025775695,12.5984125984189,11.368377192897851,11.822013364905319
0.05520833333333333,-22.627416997969522,12.445079348883239,11.313708498984761,0.8,0.8,-408.7077195258245,246.07315985291856,161.22034611053286,-462.0,-1.0,0.0,0.04,0.0,0.03,0.0,0.0,0.0,0.0,60.0,283.0117047049468,283.34398264300586,282.61491025775695,12.598412598418898,11.327841806805038,11.854113210189956
0.05572916666666667,-15.839191898578665,0.0,13.576450198781712,0.0,-1.6,-377.5950211536164,296.98484809834997,80.61017305526643,-477.0,-1.0,0.0,0.04,0.0,0.02,0.0,0.0,0.0,0.0,60.0,282.9526241263721,283.390190373626,282.60219390514294,12.552290627610564,11.326076107814217,11.854113210189956
0.05625,4.525483399593905,0.0,-3.394112549695428,0.0,0.8,-336.58282784479667,342.23968209428904,-5.656854249492381,-480.0,-1.0,0.0,0.03,0.0,0.02,0.0,0.0,0.0,0.0,60.0,282.9526241263721,283.44344674026246,282.6029679603525,12.552290627610564,11.324310133513654,11.854113210189956
0.05677083333333333,7.919595949289333,-1.1313708498984762,-9.05096679918781,0.8,-1.6,-294.1564209736038,374.7665940288702,-80.61017305526643,-473.0,-1.0,0.0,0.03,0.0,0.02,0.0,0.0,0.0,0.0,60.0,282.9065658481613,283.5017636629445,282.6154631296738,12.52836781069266,11.326076107814217,11.879393923933998
0.057291666666666664,6.788225099390856,6.788225099390856,-11.313708498984761,0.8,1.6,-240.41630560342617,400.22243815158595,-159.80613254815975,-453.0,-1.0,0.0,0.03,0.0,0.02,0.0,0.0,0.0,0.0,60.0,282.9065658481613,283.5017636629444,282.6154631296738,12.560254774486065,11.34548368294627,11.805083650698965
0.0578125,1.1313708498984762,19.233304448274094,-18.10193359837562,0.0,1.6,-183.84776310850236,411.5361466505707,-227.68838354206832,-420.0,-1.0,0.0,0.03,0.0,0.02,0.0,0.0,0.0,0.0,60.0,282.9065658481613,283.5017636629444,282.6154631296738,12.561846997953763,11.345483682946268,11.857487086225312
0.058333333333333334,-12.445079348883239,16.970562748477143,-5.656854249492381,0.0,-0.8,-111.72287142747452,391.73715677734737,-280.01428534987286,-355.0,-1.0,0.0,0.03,0.0,0.02,0.0,0.0,0.0,0.0,60.0,282.8890020838562,283.5017636629444,282.6154631296738,12.525174649480942,11.34548368294627,11.872657663724665
0.058854166666666666,3.394112549695428,-4.525483399593905,1.1313708498984762,0.8,0.0,-22.627416997969522,350.7249634685276,-328.0975464705581,-265.0,-1.0,0.0,0.03,0.0,0.02,0.0,0.0,0.0,0.0,60.0,282.8890020838562,283.4469747589485,282.6666543828614,12.513992168768526,11.345483682946268,11.872657663724665
0.059375,11.313708498984761,-16.970562748477143,5.656854249492381,0.8,0.0,53.74011537017761,309.7127701597078,-363.45288552988546,-181.0,-1.0,0.0,0.03,0.0,0.03,0.0,0.0,0.0,0.0,60.0,282.8890020838562,283.4469747589485,282.6666543828614,12.513992168768526,11.34548368294627,11.854113210189956
0.059895833333333336,9.05096679918781,-15.839191898578665,4.525483399593905,0.0,-1.6,131.52186130069785,260.2152954766495,-391.73715677734737,-91.0,-1.0,0.0,0.04,0.0,0.02,0.0,0.0,0.0,0.0,60.0,282.9094378065179,283.4062896267477,282.6666543828614,12.486793023030375,11.345483682946268,11.838918869558993
0.06041666666666667,14.70782104868019,-11.313708498984761,-3.394112549695428,0.0,0.0,207.88939366884497,202.2325394193526,-410.1219330881976,2.0,-1.0,0.0,0.04,0.0,0.03,0.0,0.0,0.0,0.0,60.0,282.9094378065179,283.37464159659737,282.6666543828614,12.443472184241825,11.378927893259542,11.827087553578014
0.0609375,2.2627416997969525,4.525483399593905,-7.919595949289333,0.0,-0.8,263.0437226013957,138.59292911256333,-400.22243815158595,89.0,-1.0,0.0,0.04,0.0,0.03,0.0,0.0,0.0,0.0,60.0,282.95041526741045,283.37464159659737,282.60396317107796,12.448293055676348,11.378927893259542,11.801694793545543
0.06145833333333333,-10.182337649086286,2.2627416997969525,7.919595949289333,0.0,0.0,313.95541084682714,50.91168824543143,-363.45288552988546,185.0,-2.0,0.0,0.04,0.0,0.03,0.0,0.0,0.0,0.0,60.0,282.99933745505484,283.3665911853407,282.60396317107796,12.475576139000555,11.384199576606166,11.823705003085962
0.06197916666666667,-15.839191898578665,-7.919595949289333,21.496046148071045,0.0,-1.6,354.9676041556469,-32.526911934581186,-322.4406922210657,273.0,-1.0,0.0,0.04,0.0,0.04,0.0,0.0,0.0,0.0,60.0,283.05465461638323,283.3715537946602,282.60396317107796,12.595237195067032,11.384199576606166,11.886126366482902
0.0625,-13.576450198781712,-5.656854249492381,20.36467529817257,0.0,0.8,383.2518754031088,-107.48023074035522,-275.77164466275354,347.0,-1.0,0.01,0.05,0.0,0.05,0.0,0.0,0.0,0.0,60.0,283.05465461638323,283.38820547086993,282.5607235622106,12.631706139710504,11.364858116140299,11.944873377311291
0.06302083333333333,0.0,-10.182337649086286,13.576450198781712,0.0,2.4,407.2935059634514,-186.67619023324855,-219.20310216782974,418.0,-1.0,0.01,0.05,0.01,0.04,0.0,0.0,0.0,0.0,60.0,283.1181290557,283.4172057232941,282.52632620695726,12.631706139710504,11.331372379372237,11.94487337731129
0.06354166666666666,7.919595949289333,-2.2627416997969525,-5.656854249492381,0.0,0.0,408.7077195258245,-246.07315985291856,-159.80613254815975,462.0,-1.0,0.01,0.05,0.0,0.05,0.0,0.0,0.0,0.0,60.0,283.1181290557,283.4172057232941,282.5012168115387,12.631706139710504,11.331372379372237,11.959933110180843
0.0640625,1.1313708498984762,14.70782104868019,-15.839191898578665,0.8,0.0,377.5950211536164,-296.98484809834997,-79.19595949289332,477.0,-1.0,0.02,0.05,0.0,0.05,0.0,0.0,0.0,0.0,60.0,283.1181290557,283.4172057232941,282.4887165888224,12.631706139710504,11.331372379372237,11.959933110180843
0.06458333333333334,-16.970562748477143,20.36467529817257,-4.525483399593905,0.0,-0.8,335.16861428242356,-342.23968209428904,5.656854249492381,479.0,-1.0,0.02,0.05,0.01,0.06,0.0,0.0,0.0,0.0,60.0,283.0656946717493,283.47045701448326,282.4894909549734,12.529964086141668,11.331372379372237,11.94487337731129
0.06510416666666667,-18.10193359837562,22.627416997969522,-3.394112549695428,0.0,0.8,294.1564209736038,-374.7665940288702,80.61017305526643,472.0,-1.0,0.02,0.06,0.0,0.06,0.0,0.0,0.0,0.0,60.0,283.0656946717493,283.52876838162297,282.5019911434254,12.477179168385778,11.331372379372237,11.93314711214104
0.065625,-14.70782104868019,11.313708498984761,0.0,0.8,-2.4,239.0020920410531,-400.22243815158595,161.22034611053286,452.0,-1.0,0.02,0.06,0.01,0.05,0.0,0.0,0.0,0.0,60.0,283.0656946717493,283.52876838162297,282.52710047002574,12.477179168385778,11.253443917308159,11.93314711214104
0.06614583333333333,0.0,-3.394112549695428,2.2627416997969525,0.8,-0.8,181.01933598375618,-411.5361466505707,229.1025971044414,418.0,-1.0,0.02,0.06,0.01,0.06,0.0,0.0,0.0,0.0,60.0,283.037320860695,283.52876838162297,282.562824872629,12.477179168385778,11.253443917308159,11.924764148611075
0.06666666666666667,23.758787847868,-9.05096679918781,-14.70782104868019,0.8,0.0,110.30865786510142,-390.32294321497426,281.4284989122459,353.0,-1.0,0.02,0.06,0.01,0.06,0.0,0.0,0.0,0.0,60.0,283.037320860695,283.467811223779,282.60672762692684,12.542726976220123,11.22319027727856,12.03993355463393
0.0671875,24.890158697766477,-2.2627416997969525,-24.890158697766477,0.0,-1.6,19.79898987322333,-349.3107499061545,328.0975464705581,263.0,-1.0,0.02,0.06,0.01,0.05,0.0,0.0,0.0,0.0,60.0,283.0341189680142,283.413236282288,282.60672762692684,12.395160345876937,11.22319027727856,12.111151885762148
0.06770833333333333,20.36467529817257,1.1313708498984762,-24.890158697766477,0.0,-2.4,-55.15432893255071,-308.29855659733477,363.45288552988546,179.0,-1.0,0.01,0.06,0.0,0.05,0.0,0.0,0.0,0.0,60.0,283.0426204655405,283.36504724471575,282.60672762692684,12.395160345876937,11.22319027727856,12.181953866272849
0.06822916666666666,10.182337649086286,-1.1313708498984762,-7.919595949289333,0.8,0.8,-131.52186130069785,-260.2152954766495,391.73715677734737,91.0,-1.0,0.02,0.06,0.01,0.05,0.0,0.0,0.0,0.0,60.0,283.0630450977308,283.3650472447158,282.60672762692684,12.395160345876937,11.223190277278562,12.097933707869291
0.06875,-6.788225099390856,-4.525483399593905,12.445079348883239,0.8,0.8,-209.30360723121808,-202.2325394193526,410.1219330881976,-3.0,-1.0,0.01,0.05,0.01,0.05,0.0,0.0,0.0,0.0,60.0,283.09561105746593,283.3333946078365,282.60672762692684,12.349898785010346,11.22319027727856,12.163880959627978
0.06927083333333334,-1.1313708498984762,-20.36467529817257,22.627416997969522,0.8,0.8,-263.0437226013957,-137.17871555019022,400.22243815158595,-90.0,-1.0,0.01,0.05,0.0,0.04,0.0,0.0,0.0,0.0,60.0,283.09561105746593,283.3118864431918,282.60672762692684,12.345039489608773,11.223190277278562,12.227837094106219
0.06979166666666667,3.394112549695428,-14.70782104868019,11.313708498984761,0.8,0.0,-313.95541084682714,-49.49747468305833,363.45288552988546,-186.0,-1.0,0.0,0.05,0.0,0.05,0.0,0.0,0.0,0.0,60.0,283.09561105746593,283.30405485979196,282.60672762692684,12.345039489608773,11.174972035759197,12.227837094106219
0.0703125,0.0,0.0,-2.2627416997969525,0.0,-1.6,-354.9676041556469,32.526911934581186,321.0264786586926,-273.0,-1.0,0.0,0.04,0.0,0.04,0.0,0.0,0.0,0.0,60.0,283.1509094105121,283.30901856453494,282.55641029712984,12.345039489608773,11.174972035759197,12.232742946698423
0.07083333333333333,0.0,0.0,-2.2627416997969525,0.0,-1.6,-384.6660889654819,107.48023074035522,275.77164466275354,-348.0,-1.0,0.01,0.04,0.0,0.03,0.0,0.0,0.0,0.0,60.0,283.2108313606667,283.3256739160784,282.5131634101321,12.338557452149747,11.15885298765066,12.232742946698423
0.07135416666666666,-13.576450198781712,12.445079348883239,-1.1313708498984762,1.6,-1.6,-407.2935059634514,186.67619023324855,219.20310216782974,-419.0,-1.0,0.0,0.04,0.0,0.03,0.0,0.0,0.0,0.0,60.0,283.2108313606667,283.3256739160784,282.4787602634931,12.338557452149747,11.117553687749838,12.234377793741698
0.071875,-24.890158697766477,11.313708498984761,9.05096679918781,0.0,-3.2,-408.7077195258245,246.07315985291856,159.80613254815975,-462.0,-1.0,0.0,0.03,0.0,0.02,0.0,0.0,0.0,0.0,60.0,283.21083136066676,283.3256739160784,282.4536466395858,12.473972903610143,11.079711187571634,12.17538500417954
0.07239583333333334,-14.70782104868019,1.1313708498984762,11.313708498984761,0.8,-1.6,-377.5950211536164,296.98484809834997,79.19595949289332,-477.0,-1.0,0.0,0.04,0.0,0.02,0.0,0.0,0.0,0.0,60.0,283.2108313606667,283.3256739160785,282.4411443115185,12.430607386608267,11.081516141756056,12.102892216325817
0.07291666666666667,4.525483399593905,0.0,-3.394112549695428,0.8,0.8,-336.58282784479667,342.23968209428904,-5.656854249492381,-480.0,-1.0,0.0,0.03,0.0,0.02,0.0,0.0,0.0,0.0,60.0,283.21083136066676,283.3256739160784,282.4411443115185,12.430607386608267,11.081516141756056,12.102892216325817
0.0734375,6.788225099390856,0.0,-7.919595949289333,0.8,-0.8,-294.1564209736038,374.7665940288702,-82.02438661763952,-472.0,-1.0,0.0,0.03,0.0,0.02,0.0,0.0,0.0,0.0,60.0,283.2108313606667,283.3256739160784,282.45386791474465,12.409673645990857,11.079711187571634,12.0780793175074
0.07395833333333333,4.525483399593905,5.656854249492381,-13.576450198781712,0.8,-2.4,-239.0020920410531,400.22243815158595,-161.22034611053286,-453.0,-1.0,0.0,0.03,0.0,0.02,0.0,0.0,0.0,0.0,60.0,283.17342301141184,283.3256739160784,282.4789815189796,12.37739875741264,11.059837250158795,12.15072014326723
0.07447916666666667,0.0,18.10193359837562,-16.970562748477143,0.0,0.8,-182.43354954612929,411.5361466505707,-229.1025971044414,-419.0,-1.0,0.0,0.03,0.0,0.02,0.0,0.0,0.0,0.0,60.0,283.1448392607571,283.3256739160784,282.5147120062953,12.375782803523986,11.000000000000002,12.09958676980334
0.075,-12.445079348883239,18.10193359837562,-4.525483399593905,0.0,0.8,-110.30865786510142,391.73715677734737,-281.4284989122459,-354.0,-1.0,0.0,0.03,0.0,0.02,0.0,0.0,0.0,0.0,60.0,283.1275110263925,283.3256739160784,282.5586222361654,12.375782803523986,11.056219968868206,12.084701072016635
0.07552083333333333,3.394112549695428,-4.525483399593905,0.0,0.8,-0.8,-21.213203435596427,350.7249634685276,-328.0975464705581,-264.0,-1.0,0.0,0.03,0.0,0.02,0.0,0.0,0.0,0.0,60.0,283.1240894025092,283.3256739160784,282.5586222361654,12.375782803523986,11.056219968868206,12.083045973594572
0.07604166666666666,11.313708498984761,-18.10193359837562,5.656854249492381,0.8,-0.8,55.15432893255071,309.7127701597078,-364.86709909225857,-180.0,-1.0,0.0,0.03,0.0,0.02,0.0,0.0,0.0,0.0,60.0,283.13258819853286,283.3256739160784,282.61557370392734,12.375782803523986,11.112155506471284,12.08304597359457
0.0765625,7.919595949289333,-14.70782104868019,4.525483399593905,0.8,-1.6,132.93607486307096,260.2152954766495,-393.1513703397205,-90.0,-1.0,0.0,0.04,0.0,0.02,0.0,0.0,0.0,0.0,60.0,283.1532270697263,283.3256739160785,282.67693574113895,12.351518125315609,11.063453348751468,12.08304597359457
0.07708333333333334,14.70782104868019,-11.313708498984761,-4.525483399593905,0.0,-0.8,209.30360723121808,202.2325394193526,-410.1219330881976,3.0,-1.0,0.0,0.04,0.0,0.03,0.0,0.0,0.0,0.0,60.0,283.18578265866387,283.3256739160784,282.676935741139,12.351518125315609,11.063453348751468,12.094626906192682
0.07760416666666667,0.0,4.525483399593905,-7.919595949289333,0.0,-2.4,263.0437226013957,137.17871555019022,-400.22243815158595,90.0,-1.0,0.0,0.04,0.0,0.03,0.0,0.0,0.0,0.0,60.0,283.18578265866387,283.30416516528663,282.67693574113895,12.345039489608771,11.063453348751468,12.094626906192682
0.078125,-10.182337649086286,0.0,5.656854249492381,0.0,-3.2,313.95541084682714,49.49747468305833,-363.45288552988546,187.0,-2.0,0.0,0.04,0.0,0.04,0.0,0.0,0.0,0.0,60.0,283.18578265866387,283.29633336843597,282.67693574113895,12.345039489608773,11.056219968868206,12.054874532735708
0.07864583333333333,-13.576450198781712,-9.05096679918781,20.36467529817257,0.0,-1.6,354.9676041556469,-32.526911934581186,-321.0264786586926,274.0,-2.0,0.0,0.05,0.0,0.04,0.0,0.0,0.0,0.0,60.0,283.18578265866387,283.29633336843597,282.62663091081845,12.260505699195285,11.08332080199793,11.99333148045196
0.07916666666666666,-12.445079348883239,-6.788225099390856,19.233304448274094,0.8,0.0,384.6660889654819,-107.48023074035522,-275.77164466275354,348.0,-1.0,0.0,0.05,0.0,0.05,0.0,0.0,0.0,0.0,60.0,283.2456972312201,283.29633336843597,282.62663091081845,12.22292927247802,11.10315270542561,11.934822998268555
0.0796875,-2.2627416997969525,-10.182337649086286,11.313708498984761,0.0,-0.8,407.2935059634514,-186.67619023324855,-219.20310216782974,419.0,-1.0,0.01,0.05,0.01,0.05,0.0,0.0,0.0,0.0,60.0,283.2456972312201,283.29633336843597,282.62663091081845,12.22947259696836,11.10315270542561,11.86086000254619
0.08020833333333334,9.05096679918781,-2.2627416997969525,-5.656854249492381,0.0,0.8,407.2935059634514,-247.48737341529164,-159.80613254815975,462.0,-1.0,0.01,0.05,0.0,0.05,0.0,0.0,0.0,0.0,60.0,283.1820306799145,283.3348284274279,282.62663091081845,12.253978945632314,11.10315270542561,11.86086000254619
0.08072916666666667,0.0,15.839191898578665,-15.839191898578665,0.0,0.0,376.1808075912433,-298.3990616607231,-77.78174593052023,477.0,-1.0,0.01,0.06,0.01,0.05,0.0,0.0,0.0,0.0,60.0,283.12320639608475,283.38125820173786,282.6143573847585,12.252346713997284,11.151681487560522,11.860860002546191
0.08125,-15.839191898578665,19.233304448274094,-6.788225099390856,0.0,-2.4,335.16861428242356,-342.23968209428904,7.0710678118654755,479.0,-1.0,0.02,0.05,0.01,0.06,0.0,0.0,0.0,0.0,60.0,283.12320639608475,283.3812582017378,282.61535255537694,12.204917041913887,11.088733020503291,11.894536560959407
0.08177083333333333,-18.10193359837562,22.627416997969522,-4.525483399593905,0.0,-0.0,292.7422074112307,-374.7665940288702,82.02438661763952,472.0,-1.0,0.02,0.05,0.01,0.06,0.0,0.0,0.0,0.0,60.0,283.07739666034803,283.3812582017378,282.6280683159406,12.204917041913887,11.088733020503291,11.906300852909775
0.08229166666666667,-14.70782104868019,10.182337649086286,1.1313708498984762,0.0,-2.4,237.58787847867998,-400.22243815158595,162.63455967290594,452.0,-1.0,0.02,0.06,0.01,0.06,0.0,0.0,0.0,0.0,60.0,283.0401914923038,283.3812582017378,282.65338756151505,12.204917041913887,11.054410884348384,11.907980517283358
0.0828125,0.0,-5.656854249492381,3.394112549695428,0.0,-1.6,181.01933598375618,-411.5361466505707,229.1025971044414,418.0,-1.0,0.02,0.06,0.01,0.06,0.0,0.0,0.0,0.0,60.0,283.0401914923038,283.38125820173786,282.653387561515,12.204917041913887,11.08332080199793,11.916375287812986
0.08333333333333333,22.627416997969522,-11.313708498984761,-13.576450198781712,0.0,-1.6,108.89444430272833,-390.32294321497426,281.4284989122459,352.0,-1.0,0.02,0.06,0.01,0.06,0.0,0.0,0.0,0.0,60.0,283.0230776809552,283.3812582017378,282.653387561515,12.137545056559008,11.148094007497425,11.874342087037917
0.08385416666666666,26.021529547664947,-1.1313708498984762,-23.758787847868,0.0,0.8,19.79898987322333,-349.3107499061545,329.5117600329312,262.0,-1.0,0.02,0.06,0.01,0.06,0.0,0.0,0.0,0.0,60.0,283.0230776809552,283.3812582017378,282.70479302622374,12.211470017979,11.142710621747296,11.801694793545545
0.084375,20.36467529817257,3.394112549695428,-23.758787847868,0.0,0.0,-56.568542494923804,-308.29855659733477,364.86709909225857,178.0,-1.0,0.02,0.06,0.01,0.05,0.0,0.0,0.0,0.0,60.0,283.0318003334608,283.3812582017378,282.7617150535058,12.211470017979,11.157060544785082,11.7285975291166
0.08489583333333334,9.05096679918781,0.0,-11.313708498984761,0.0,-1.6,-132.93607486307096,-258.80108191427644,391.73715677734737,89.0,-1.0,0.02,0.06,0.01,0.05,0.0,0.0,0.0,0.0,60.0,283.0524465536379,283.3407842157567,282.7617150535058,12.183595528414427,11.155267813907473,11.815244390193545
0.08541666666666667,-7.919595949289333,-3.394112549695428,11.313708498984761,0.0,0.0,-209.30360723121808,-202.2325394193526,410.1219330881976,-4.0,-1.0,0.02,0.05,0.01,0.05,0.0,0.0,0.0,0.0,60.0,283.0524465536379,283.3407842157567,282.76171505350584,12.204917041913887,11.142710621747296,11.779643458101779
0.0859375,0.0,-20.36467529817257,21.496046148071045,0.0,0.8,-264.4579361637688,-135.76450198781714,400.22243815158595,-91.0,-1.0,0.01,0.05,0.01,0.04,0.0,0.0,0.0,0.0,60.0,283.09362408927547,283.31949721118735,282.7617150535058,12.203278248077442,11.142710621747296,11.713240371477058
0.08645833333333333,4.525483399593905,-14.70782104868019,12.445079348883239,0.0,1.6,-315.36962440920024,-48.083261120685236,362.03867196751236,-188.0,-1.0,0.01,0.04,0.0,0.04,0.0,0.0,0.0,0.0,60.0,283.14274226968985,283.3118864431918,282.7050141048086,12.214745187681977,11.142710621747296,11.749042514179614
0.08697916666666666,2.2627416997969525,1.1313708498984762,-3.394112549695428,0.8,0.0,-354.9676041556469,32.526911934581186,321.0264786586926,-274.0,-1.0,0.0,0.04,0.0,0.04,0.0,0.0,0.0,0.0,60.0,283.14274226968985,283.3118864431918,282.7050141048085,12.221292893961753,11.144505372604028,11.757550765359257
0.0875,0.0,3.394112549695428,-2.2627416997969525,0.8,0.8,-384.6660889654819,108.89444430272833,275.77164466275354,-349.0,-1.0,0.0,0.04,0.0,0.03,0.0,0.0,0.0,0.0,60.0,283.14274226968985,283.32876221802826,282.7050141048085,12.221292893961753,11.160645142642966,11.757550765359257
0.08802083333333334,-13.576450198781712,13.576450198781712,0.0,0.0,0.0,-407.2935059634514,188.09040379562165,219.20310216782974,-420.0,-1.0,0.0,0.04,0.0,0.03,0.0,0.0,0.0,0.0,60.0,283.14274226968985,283.35798912329966,282.7050141048085,12.221292893961753,11.201785571952358,11.755849607748479
0.08854166666666667,-23.758787847868,11.313708498984761,12.445079348883239,0.0,0.0,-408.7077195258245,247.48737341529164,159.80613254815975,-463.0,-1.0,0.0,0.03,0.0,0.02,0.0,0.0,0.0,0.0,60.0,283.14274226968985,283.3964758073043,282.7050141048085,12.15072014326723,11.201785571952358,11.852425912023245
0.0890625,-14.70782104868019,1.1313708498984762,14.70782104868019,0.0,0.8,-377.5950211536164,298.3990616607231,77.78174593052023,-478.0,-1.0,0.0,0.03,0.0,0.02,0.0,0.0,0.0,0.0,60.0,283.14274226968985,283.442895483376,282.6927439818716,12.15072014326723,11.20178557195236,11.968291440301744
0.08958333333333333,4.525483399593905,0.0,-3.394112549695428,1.6,0.8,-335.16861428242356,342.23968209428904,-7.0710678118654755,-480.0,-1.0,0.0,0.03,0.0,0.03,0.0,0.0,0.0,0.0,60.0,283.0903124446331,283.442895483376,282.6937388765446,12.15072014326723,11.20178557195236,11.968291440301746
0.09010416666666667,7.919595949289333,0.0,-9.05096679918781,0.8,-0.8,-292.7422074112307,374.7665940288702,-82.02438661763952,-472.0,-1.0,0.0,0.03,0.0,0.02,0.0,0.0,0.0,0.0,60.0,283.04449738512847,283.442895483376,282.6937388765446,12.172099243762352,11.20178557195236,11.99333148045196
0.090625,6.788225099390856,6.788225099390856,-13.576450198781712,0.0,0.0,-239.0020920410531,400.22243815158595,-162.63455967290594,-452.0,-1.0,0.0,0.03,0.0,0.02,0.0,0.0,0.0,0.0,60.0,283.04449738512847,283.442895483376,282.71905224091284,12.204917041913886,11.221408111284433,11.99333148045196
0.09114583333333333,0.0,19.233304448274094,-16.970562748477143,0.0,1.6,-181.01933598375618,411.5361466505707,-229.1025971044414,-419.0,-1.0,0.0,0.03,0.0,0.02,0.0,0.0,0.0,0.0,60.0,283.01612144893795,283.442895483376,282.71905224091284,12.204917041913886,11.280070921762862,11.99333148045196
0.09166666666666666,-12.445079348883239,14.70782104868019,-3.394112549695428,0.8,-0.8,-108.89444430272833,390.32294321497426,-281.4284989122459,-353.0,-1.0,0.0,0.03,0.0,0.02,0.0,0.0,0.0,0.0,60.0,282.9990061820006,283.38191985375494,282.71905224091284,12.204917041913886,11.124747188138706,11.981652640600128
0.0921875,4.525483399593905,-5.656854249492381,3.394112549695428,1.6,1.6,-19.79898987322333,349.3107499061545,-329.5117600329312,-263.0,-1.0,0.0,0.03,0.0,0.02,0.0,0.0,0.0,0.0,60.0,282.9958038558169,283.32732836773795,282.7704457682945,12.216382443260361,11.140915581764366,11.996666203575058
0.09270833333333334,11.313708498984761,-18.10193359837562,6.788225099390856,0.8,0.0,56.568542494923804,308.29855659733477,-364.86709909225857,-179.0,-1.0,0.0,0.03,0.0,0.02,0.0,0.0,0.0,0.0,60.0,283.00452734894543,283.27912471624165,282.7704457682945,12.216382443260361,11.140915581764366,12.014990636700473
0.09322916666666667,9.05096679918781,-14.70782104868019,4.525483399593905,0.0,-0.8,134.35028842544403,258.80108191427644,-393.1513703397205,-89.0,-1.0,0.0,0.04,0.0,0.03,0.0,0.0,0.0,0.0,60.0,283.0253963869674,283.23863613567977,282.7704457682945,12.240914998479484,11.140915581764366,12.014990636700473
0.09375,13.576450198781712,-10.182337649086286,-3.394112549695428,0.0,0.0,210.7178207935912,200.8183258569795,-410.1219330881976,4.0,-1.0,0.0,0.04,0.0,0.03,0.0,0.0,0.0,0.0,60.0,283.0581874809489,283.2071900570323,282.77044576829456,12.2,11.106754701531859,12.003332870498928
0.09427083333333333,1.1313708498984762,4.525483399593905,-7.919595949289333,0.0,-1.6,264.4579361637688,135.76450198781714,-400.22243815158595,92.0,-1.0,0.0,0.04,0.0,0.03,0.0,0.0,0.0,0.0,60.0,283.09936418155377,283.18589301022746,282.7704457682945,12.201639234135715,11.106754701531859,12.003332870498928
0.09479166666666666,-10.182337649086286,2.2627416997969525,6.788225099390856,0.0,-0.8,315.36962440920024,48.083261120685236,-362.03867196751236,188.0,-2.0,0.0,0.04,0.0,0.04,0.0,0.0,0.0,0.0,60.0,283.14848136622595,283.17827865145307,282.71374657062574,12.201639234135715,11.113955191559846,12.021647141718976
0.0953125,-14.70782104868019,-9.05096679918781,22.627416997969522,0.0,-0.8,354.9676041556469,-33.941125496954285,-321.0264786586926,275.0,-1.0,0.0,0.05,0.0,0.04,0.0,0.0,0.0,0.0,60.0,283.14848136622595,283.18346526589437,282.71374657062574,12.242548754242312,11.113955191559846,12.147427711248174
0.09583333333333334,-12.445079348883239,-5.656854249492381,20.36467529817257,0.8,1.6,384.6660889654819,-108.89444430272833,-274.35743110038044,349.0,-1.0,0.0,0.05,0.0,0.04,0.0,0.0,0.0,0.0,60.0,283.14848136622595,283.20034869328816,282.6707448605179,12.242548754242312,11.094142598686933,12.204917041913886
0.09635416666666667,0.0,-10.182337649086286,12.445079348883239,0.8,1.6,407.2935059634514,-188.09040379562165,-217.78888860545666,420.0,-1.0,0.01,0.05,0.0,0.04,0.0,0.0,0.0,0.0,60.0,283.14848136622595,283.2295888497528,282.6365820271679,12.236012422353943,11.09414259868693,12.239281024635394
0.096875,10.182337649086286,-2.2627416997969525,-4.525483399593905,0.8,2.4,407.2935059634514,-247.48737341529164,-158.39191898578665,463.0,-1.0,0.02,0.06,0.0,0.05,0.0,0.0,0.0,0.0,60.0,283.14848136622595,283.2295888497528,282.6117035793104,12.263767773404714,11.09414259868693,12.2245654319489
0.09739583333333333,0.0,14.70782104868019,-14.70782104868019,0.8,0.0,376.1808075912433,-298.3990616607231,-77.78174593052023,477.0,-1.0,0.02,0.06,0.0,0.05,0.0,0.0,0.0,0.0,60.0,283.14848136622595,283.2295888497528,282.6117035793104,12.263767773404714,11.045361017187261,12.18031198286809
0.09791666666666667,-20.36467529817257,20.36467529817257,-5.656854249492381,0.8,-4.0,335.16861428242356,-343.65389565666214,8.485281374238571,479.0,-1.0,0.02,0.06,0.01,0.05,0.0,0.0,0.0,0.0,60.0,283.14848136622595,283.2830960364561,282.61291990990077,12.470765814495918,11.108555261599054,12.162236636408617
0.0984375,-19.233304448274094,21.496046148071045,-3.394112549695428,0.8,-0.8,292.7422074112307,-374.7665940288702,83.43860018001261,472.0,-1.0,0.02,0.06,0.01,0.06,0.0,0.0,0.0,0.0,60.0,283.14848136622595,283.28309603645613,282.62585692041694,12.523577763562617,11.038115781237304,12.15072014326723
0.09895833333333333,-14.70782104868019,10.182337649086286,1.1313708498984762,0.0,-2.4,237.58787847867998,-400.22243815158595,162.63455967290594,451.0,-1.0,0.02,0.06,0.01,0.05,0.0,0.0,0.0,0.0,60.0,283.14848136622595,283.2830960364561,282.625856920417,12.523577763562615,11.038115781237304,12.150720143267229
0.09947916666666666,0.0,-5.656854249492381,2.2627416997969525,0.0,-2.4,179.60512242138307,-411.5361466505707,230.5168106668145,417.0,-1.0,0.02,0.06,0.01,0.06,0.0,0.0,0.0,0.0,60.0,283.1203366061859,283.28309603645613,282.6617899540014,12.523577763562615,11.038115781237304,12.142487389328432
0.1,24.890158697766477,-9.05096679918781,-13.576450198781712,0.0,1.6,107.48023074035522,-390.32294321497426,282.842712474619,351.0,-1.0,0.02,0.06,0.01,0.06,0.0,0.0,0.0,0.0,60.0,283.10344840711497,283.28309603645613,282.70589841741895,12.657013865837392,10.972693379476162,12.14248738932843
0.10052083333333334,26.021529547664947,0.0,-22.627416997969522,0.8,2.4,18.38477631085024,-349.3107499061545,329.5117600329312,261.0,-1.0,0.02,0.05,0.01,0.05,0.0,0.0,0.0,0.0,60.0,283.1004680321105,283.28309603645613,282.70589841741895,12.657013865837394,10.970870521521983,12.074767078498866
0.10104166666666667,21.496046148071045,1.1313708498984762,-24.890158697766477,0.0,-1.6,-56.568542494923804,-308.29855659733477,364.86709909225857,177.0,-1.0,0.02,0.06,0.01,0.06,0.0,0.0,0.0,0.0,60.0,283.1004680321105,283.28309603645613,282.70589841741895,12.715345060201868,10.95627673984187,12.145781160551183
0.1015625,9.05096679918781,0.0,-11.313708498984761,0.0,-1.6,-134.35028842544403,-258.80108191427644,391.73715677734737,88.0,-1.0,0.02,0.05,0.01,0.05,0.0,0.0,0.0,0.0,60.0,283.1213299982889,283.28309603645613,282.70589841741895,12.715345060201868,10.95627673984187,12.145781160551183
0.10208333333333333,-7.919595949289333,-3.394112549695428,11.313708498984761,0.0,0.0,-210.7178207935912,-200.8183258569795,410.1219330881976,-5.0,-1.0,0.01,0.06,0.01,0.05,0.0,0.0,0.0,0.0,60.0,283.1541099825323,283.2516548936652,282.70589841741895,12.715345060201868,10.95627673984187,12.145781160551183
0.10260416666666666,0.0,-21.496046148071045,20.36467529817257,0.0,-0.8,-264.4579361637688,-135.76450198781714,400.22243815158595,-93.0,-1.0,0.01,0.05,0.01,0.05,0.0,0.0,0.0,0.0,60.0,283.1541099825323,283.2516548936652,282.70589841741895,12.715345060201868,11.023611023616535,12.084701072016637
0.103125,4.525483399593905,-13.576450198781712,10.182337649086286,0.0,0.8,-315.36962440920024,-46.66904755831214,362.03867196751236,-189.0,-1.0,0.01,0.04,0.0,0.04,0.0,0.0,0.0,0.0,60.0,283.1541099825323,283.2442629604349,282.70589841741895,12.715345060201866,10.978160137290766,12.018319350058896
0.10364583333333334,1.1313708498984762,0.0,-2.2627416997969525,0.0,-0.8,-354.9676041556469,33.941125496954285,321.0264786586926,-275.0,-1.0,0.0,0.04,0.0,0.04,0.0,0.0,0.0,0.0,60.0,283.1541099825323,283.2494483666297,282.70589841741895,12.710625476348518,10.976338187209796,12.009995836801945
0.10416666666666667,-1.1313708498984762,3.394112549695428,-2.2627416997969525,0.8,0.0,-384.6660889654819,108.89444430272833,274.35743110038044,-349.0,-1.0,0.0,0.04,0.0,0.04,0.0,0.0,0.0,0.0,60.0,283.1541099825323,283.2494483666297,282.66289551336587,12.712198865656562,10.976338187209796,12.009995836801945
0.1046875,-7.919595949289333,9.05096679918781,-2.2627416997969525,0.0,-0.8,-394.5655839020935,179.60512242138307,214.96046148071045,-406.0,-1.0,0.0,0.04,0.0,0.03,0.0,0.0,0.0,0.0,60.0,282.59036165446264,283.07728626648947,282.56105534910506,12.561846997953765,10.829589096544707,12.016655108639842
0.10520833333333333,4.525483399593905,-4.525483399593905,0.0,0.0,0.0,-381.8376618407357,224.85995641732214,140.00714267493643,-429.0,-1.0,0.0,0.04,0.0,0.02,0.0,0.0,0.0,0.0,60.0,281.41339698031436,282.4867253518296,282.2326168251997,11.86591757935306,10.673331251301068,11.813551540497889
0.10572916666666667,23.758787847868,-20.36467529817257,-4.525483399593905,0.0,-0.8,-345.0681092190352,268.70057685088807,56.568542494923804,-434.0,-1.0,0.0,0.03,0.0,0.03,0.0,0.0,0.0,0.0,60.0,280.105225763462,281.55361389973314,282.0747906141206,12.315843454672523,11.26232658024087,11.551623262554923
0.10625,37.33523804664971,-32.809754647055804,-3.394112549695428,0.0,0.8,-299.8132752230962,309.7127701597078,0.0,-431.0,-1.0,0.0,0.04,0.0,0.03,0.0,0.0,0.0,0.0,60.0,278.8500941366167,280.37430338745384,282.07202094500616,13.949910393977447,12.668070097690492,11.551623262554923
0.10677083333333333,26.021529547664947,-44.12346314604057,18.10193359837562,0.0,0.0,-255.97265478953022,337.9970414071697,-42.42640687119285,-419.0,-1.0,0.0,0.03,0.0,0.02,0.0,0.0,0.0,0.0,60.0,277.7172572959772,278.909931698389,281.79890879845505,14.621901381147392,14.876827618817126,11.879393923934
0.10729166666666666,10.182337649086286,-50.91168824543143,40.72935059634514,0.0,0.0,-197.9898987322333,362.03867196751236,-84.8528137423857,-395.0,-1.0,0.0,0.03,0.0,0.02,0.0,0.0,0.0,0.0,60.0,276.70708791066414,277.2745705974495,280.72951839804807,14.683323874382124,17.345892885637223,13.682105101189656
0.1078125,-11.313708498984761,-49.780317395532954,61.09402589451771,0.8,0.0,-135.76450198781714,370.52395334175094,-123.03657992645928,-358.0,-1.0,0.0,0.03,0.0,0.02,0.0,0.0,0.0,0.0,60.0,275.89638000524764,275.4612041649423,278.6429166514017,14.818906842274165,19.150979087242515,17.17090562550502
0.10833333333333334,-26.021529547664947,-53.17442994522838,80.3273303427918,0.0,0.8,-60.81118318204309,349.3107499061545,-154.14927829866738,-290.0,-1.0,0.0,0.03,0.0,0.02,0.0,0.0,0.0,0.0,60.0,275.43386229728543,273.7351594150814,275.5165603008284,15.35968749682102,21.17451298141235,22.27375136792184
0.10885416666666667,-19.233304448274094,-72.40773439350248,92.77240969167504,0.8,0.8,18.38477631085024,309.7127701597078,-179.60512242138307,-208.0,-1.0,0.0,0.03,0.0,0.02,0.0,0.0,0.0,0.0,60.0,275.4307989314194,272.24150583627033,271.1537847790438,15.71114254279427,24.722459424579913,27.653571197948377
0.109375,-30.547012947258857,-70.14499269370552,101.82337649086286,0.8,0.8,67.88225099390857,268.70057685088807,-199.40411229460642,-142.0,-1.0,0.0,0.04,0.0,0.02,0.0,0.0,0.0,0.0,60.0,275.5106622256206,270.92699662455203,265.7191891828665,16.492422502470642,27.472167733908442,32.97392909557489
0.10989583333333333,-54.30580079512685,-55.43717164502533,110.87434329005066,0.0,0.8,106.06601717798213,216.37467504308356,-213.54624791833737,-78.0,-1.0,0.0,0.03,0.0,0.02,0.0,0.0,0.0,0.0,60.0,275.12474443422934,269.76181623795463,259.23252110798137,19.01578291840754,29.051678092667903,38.351010416936866
0.11041666666666666,-75.8018469431979,-38.46660889654819,113.13708498984761,0.8,-0.8,144.2497833620557,156.97770542341357,-217.78888860545666,-9.0,-1.0,0.0,0.04,0.0,0.04,0.0,0.0,0.0,0.0,60.0,273.7815050364067,268.8517249340238,251.8481685460508,23.138712150852303,29.782545223670866,43.24858379184225
0.1109375,-92.77240969167504,-16.970562748477143,109.74297244015217,0.8,0.0,176.7766952966369,89.095454429505,-212.13203435596427,61.0,-1.0,0.0,0.05,0.0,0.04,0.0,0.0,0.0,0.0,60.0,271.56456414635545,268.24114617261836,244.59801205242857,28.360535961085084,29.922566734824073,47.37974250668739
0.11145833333333334,-102.95474734076133,0.0,102.95474734076133,0.0,0.0,195.16147160748713,14.142135623730951,-200.8183258569795,127.0,-1.0,0.0,0.04,0.0,0.04,0.0,0.0,0.0,0.0,60.0,268.0102609975969,268.1180943166649,238.7308892874988,33.649962852876975,29.919893047937187,50.74091051607174
0.11197916666666667,-110.87434329005066,21.496046148071045,91.64103884177656,0.0,1.6,213.54624791833737,-41.01219330881976,-173.9482681718907,179.0,-1.0,0.01,0.05,0.0,0.04,0.0,0.0,0.0,0.0,60.0,263.2812184718082,268.148979114223,233.9175869831082,38.85511549332983,30.117768841665548,53.113840004277606
0.1125,-117.66256838944152,46.38620484583752,72.40773439350248,0.0,0.8,223.44574285494903,-84.8528137423857,-138.59292911256333,218.0,-1.0,0.0,0.05,0.0,0.05,0.0,0.0,0.0,0.0,60.0,257.39706680535426,267.877420661018,230.14221146934347,44.017269338294945,31.198076863806847,54.51568581610251
0.11302083333333333,-117.66256838944152,66.7508801440101,50.91168824543143,0.8,0.0,223.44574285494903,-125.86500705120547,-96.16652224137047,246.0,-1.0,0.01,0.05,0.01,0.05,0.0,0.0,0.0,0.0,60.0,250.2588659768121,266.7354728940266,227.5350247764067,48.68428904687836,33.306455830664426,55.20978174200656
0.11354166666666667,-110.87434329005066,85.98418459228418,26.021529547664947,0.0,0.8,210.7178207935912,-158.39191898578665,-52.32590180780452,261.0,-1.0,0.01,0.05,0.01,0.05,0.0,0.0,0.0,0.0,60.0,242.55527720501155,264.6086733272362,225.99502206907124,52.45073879365286,36.608742125344875,55.3953066604022
0.1140625,-100.69200564096438,98.42926394116742,2.2627416997969525,0.0,0.0,189.50461735799476,-181.01933598375618,-8.485281374238571,262.0,-1.0,0.02,0.06,0.0,0.05,0.0,0.0,0.0,0.0,60.0,235.65454058854883,261.2645928938707,225.58133233935826,55.38880753365251,40.44996909763962,55.335702760514394
0.11458333333333333,-87.11555544218267,105.21748904055829,-21.496046148071045,0.0,-2.4,162.63455967290594,-195.16147160748713,32.526911934581186,252.0,-1.0,0.01,0.05,0.01,0.05,0.0,0.0,0.0,0.0,60.0,229.88923963509035,256.434933267681,225.64961777056038,57.376998875856174,44.37566900904143,55.45701037740856
0.11510416666666666,-69.01362184380704,108.6116015902537,-40.72935059634514,0.0,-0.8,128.69343417595167,-199.40411229460642,70.71067811865476,232.0,-1.0,0.02,0.05,0.0,0.05,0.0,0.0,0.0,0.0,60.0,225.1412056910063,250.22464906559466,225.51371909487014,58.56107922502795,48.20165972246184,55.91922746247484
0.115625,-47.517575695736,104.08611819065979,-57.69991334482228,0.8,-0.8,91.92388155425118,-195.16147160748713,101.82337649086286,203.0,-1.0,0.01,0.05,0.0,0.05,0.0,0.0,0.0,0.0,60.0,221.78508741572324,242.48105596107916,224.39669115207562,59.10329940028729,51.56277727198177,56.84153411019094
0.11614583333333334,-28.284271247461902,97.29789309126895,-71.27636354360399,0.8,-1.6,53.74011537017761,-181.01933598375618,125.86500705120547,166.0,-1.0,0.01,0.05,0.0,0.05,0.0,0.0,0.0,0.0,60.0,219.70619586165523,233.51338291412765,221.78452380632874,59.31441646008161,54.3466650310762,58.219927859797295
0.11666666666666667,-9.05096679918781,85.98418459228418,-80.3273303427918,0.0,-2.4,18.38477631085024,-159.80613254815975,141.4213562373095,126.0,-1.0,0.01,0.05,0.0,0.05,0.0,0.0,0.0,0.0,60.0,218.90722920908757,224.86787787498687,217.5163786936515,59.17262880758299,56.40957365554184,59.87854373646707
0.1171875,11.313708498984761,72.40773439350248,-84.8528137423857,0.0,-0.8,-15.556349186104047,-134.35028842544403,149.9066376115481,84.0,-1.0,0.01,0.05,0.0,0.04,0.0,0.0,0.0,0.0,60.0,218.90037688409768,217.52370560469956,211.24053233222074,59.02745124092689,57.84358218506181,61.59902596632515
0.11770833333333333,26.021529547664947,57.69991334482228,-83.72144289248723,0.0,0.0,-46.66904755831214,-104.65180361560904,151.32085117392117,42.0,-1.0,0.01,0.05,0.0,0.05,0.0,0.0,0.0,0.0,60.0,218.82741487299987,211.39669462884228,202.92332295721948,59.084346488727455,58.73567910563391,63.199050625780764
0.11822916666666666,40.72935059634514,39.59797974644666,-80.3273303427918,0.0,-0.0,-73.53910524340095,-72.12489168102785,145.6639969244288,-1.0,-1.0,0.01,0.05,0.0,0.04,0.0,0.0,0.0,0.0,60.0,217.92286479394494,206.78022753638706,192.47175117403592,59.499915966327215,59.151331345963804,64.74380279223642
0.11875,54.30580079512685,20.36467529817257,-74.67047609329941,0.8,0.0,-96.16652224137047,-38.18376618407357,134.35028842544403,-41.0,-1.0,0.0,0.05,0.0,0.04,0.0,0.0,0.0,0.0,60.0,215.38758668966975,203.82191982218202,179.86991827429065,60.25313269864066,59.25774211020869,66.04543890383347
0.11927083333333334,62.22539674441619,2.2627416997969525,-65.61950929411161,0.8,-0.8,-113.13708498984761,-4.242640687119286,117.3797256769669,-77.0,-1.0,0.0,0.04,0.0,0.04,0.0,0.0,0.0,0.0,60.0,211.20191760493086,202.40537912812496,166.66789582880082,61.248999991836605,59.13712877710584,66.95968936606562
0.11979166666666667,69.01362184380704,-14.70782104868019,-57.69991334482228,0.0,-2.4,-125.86500705120547,26.870057685088806,97.58073580374356,-108.0,-1.0,0.0,0.04,0.0,0.04,0.0,0.0,0.0,0.0,60.0,204.92254634373447,202.29294970413576,154.8539634623538,62.447097610697654,59.14558309797952,67.70819743576106
0.1203125,73.53910524340095,-30.547012947258857,-44.12346314604057,0.0,-0.8,-130.10764773832474,55.15432893255071,74.95331880577405,-132.0,-1.0,0.0,0.04,0.0,0.04,0.0,0.0,0.0,0.0,60.0,196.42985389191736,202.43887966494972,144.68845842015182,63.78557830732587,59.39158189508005,68.15482374711273
0.12083333333333333,71.27636354360399,-41.860721446243616,-30.547012947258857,0.0,-0.8,-128.69343417595167,80.61017305526643,48.083261120685236,-147.0,-1.0,0.0,0.05,0.0,0.03,0.0,0.0,0.0,0.0,60.0,185.68319794747183,202.02475095888622,136.58239271589878,65.01784370463236,59.847806977365515,68.36724361856342
0.12135416666666667,66.7508801440101,-53.17442994522838,-14.70782104868019,0.0,-0.8,-118.79393923933999,97.58073580374356,21.213203435596427,-153.0,-1.0,0.0,0.04,0.0,0.04,0.0,0.0,0.0,0.0,60.0,173.3614360231248,200.25858283729065,131.24333316401257,66.06511938988683,60.56038308993761,68.41549532087012
0.121875,57.69991334482228,-58.83128419472076,0.0,0.0,-0.8,-103.23759005323595,108.89444430272833,-7.0710678118654755,-150.0,-1.0,0.0,0.05,0.0,0.04,0.0,0.0,0.0,0.0,60.0,160.72025385744013,197.2156180427909,128.8945790171177,66.84309986827361,61.44167966454042,68.41549532087012
0.12239583333333333,45.254833995939045,-62.22539674441619,13.576450198781712,0.0,-2.4,-82.02438661763952,114.5512985522207,-32.526911934581186,-139.0,-1.0,0.0,0.04,0.0,0.04,0.0,0.0,0.0,0.0,60.0,149.39963186032287,192.4780831679285,128.63465707187936,67.18898719284284,62.31468526759964,68.45290351767412
0.12291666666666666,32.809754647055804,-59.96265504461923,26.021529547664947,0.0,-0.8,-56.568542494923804,113.13708498984761,-56.568542494923804,-120.0,-1.0,0.0,0.04,0.0,0.03,0.0,0.0,0.0,0.0,60.0,140.0401728076626,185.6077853970571,129.02276930836666,67.11512497194653,62.94314895205038,68.6046645644449
0.1234375,19.233304448274094,-55.43717164502533,37.33523804664971,0.8,0.8,-29.698484809834998,104.65180361560904,-74.95331880577405,-96.0,-1.0,0.0,0.04,0.0,0.03,0.0,0.0,0.0,0.0,60.0,132.63200971107992,176.69871957657193,129.48431372177868,67.04356792414916,63.2221480179217,68.8470769168888
0.12395833333333334,4.525483399593905,-48.64894654563447,45.254833995939045,0.0,0.8,-4.242640687119286,91.92388155425118,-87.6812408671319,-68.0,-1.0,0.0,0.04,0.0,0.03,0.0,0.0,0.0,0.0,60.0,127.93284371106584,165.50075528528563,129.5431877792113,67.02417474314773,63.16644678941503,68.9353320148674
0.12447916666666667,-9.05096679918781,-39.59797974644666,48.64894654563447,0.8,0.0,19.79898987322333,73.53910524340095,-94.75230867899738,-38.0,-1.0,0.0,0.04,0.0,0.04,0.0,0.0,0.0,0.0,60.0,125.71023228043133,152.5426169960382,128.7980492864702,67.01343148951561,62.94092468338864,68.62506830597694
0.125,-20.36467529817257,-28.284271247461902,47.517575695736,0.0,-0.8,41.01219330881976,53.74011537017761,-94.75230867899738,-8.0,-1.0,0.0,0.04,0.0,0.03,0.0,0.0,0.0,0.0,60.0,125.45940578529773,139.80857448668877,126.99187966165395,66.9522217704536,62.435566786888394,67.66328398769899
0.12552083333333333,-29.41564209736038,-13.576450198781712,44.12346314604057,0.0,0.8,59.396969619669996,29.698484809834998,-87.6812408671319,21.0,-1.0,0.0,0.04,0.0,0.03,0.0,0.0,0.0,0.0,60.0,125.85606858630219,128.74951456219165,123.93193696541664,67.0677269631229,61.15652050272318,66.10748822939804
0.12604166666666666,-38.46660889654819,-2.2627416997969525,38.46660889654819,0.0,-1.6,72.12489168102785,4.242640687119286,-76.36753236814714,49.0,-1.0,0.0,0.04,0.0,0.04,0.0,0.0,0.0,0.0,60.0,125.92979194773571,119.66933608907506,119.57764214099558,67.19494028570902,59.887561312846934,63.97218145412895
0.1265625,-42.99209229614209,12.445079348883239,30.547012947258857,0.8,0.0,83.43860018001261,-21.213203435596427,-60.81118318204309,74.0,-1.0,0.0,0.04,0.0,0.04,0.0,0.0,0.0,0.0,60.0,125.39662076786598,113.45373506412206,113.97066508536308,66.93847921786094,59.12123138095147,61.134605584725904
0.12708333333333333,-46.38620484583752,23.758787847868,20.36467529817257,0.8,-1.6,89.095454429505,-46.66904755831214,-42.42640687119285,95.0,-1.0,0.0,0.04,0.0,0.04,0.0,0.0,0.0,0.0,60.0,123.78257147110817,110.31658986752628,107.53284381992323,66.09417523503869,58.87885868459069,57.882639884511136
0.12760416666666666,-47.517575695736,36.20386719675124,9.05096679918781,0.8,-1.6,90.50966799187809,-67.88225099390857,-21.213203435596427,112.0,-1.0,0.0,0.04,0.0,0.04,0.0,0.0,0.0,0.0,60.0,120.83692523396978,109.84392336401682,100.85199551818496,64.5758468779156,59.14964074278051,54.55822577760387
0.128125,-45.254833995939045,46.38620484583752,-2.2627416997969525,0.8,-0.8,87.6812408671319,-84.8528137423857,-4.242640687119286,124.0,-1.0,0.0,0.04,0.0,0.02,0.0,0.0,0.0,0.0,60.0,116.8399011468257,110.83518168884824,94.40041048639566,62.47239390322737,59.71532466628647,51.434618692083255
0.12864583333333332,-98.42926394116742,28.284271247461902,73.53910524340095,0.0,2.4,229.1025971044414,-45.254833995939045,-188.09040379562165,198.0,-1.0,0.0,0.03,0.0,0.02,0.0,0.0,0.0,0.0,60.0,117.75716538707954,110.8867665684233,95.24409430510639,61.81747325797133,59.803678816607935,50.518115562637526
0.12916666666666668,-203.6467529817257,29.41564209736038,161.22034611053286,0.0,-8.8,369.10973977937783,-69.29646455628166,-288.4995667241114,301.0,-1.0,0.0,0.04,0.0,0.04,0.0,0.0,0.0,0.0,60.0,128.70144715581097,110.54834915094843,105.22446246001925,68.4453066323762,59.466629297447156,56.57287335817406
0.1296875,-166.87720036002523,84.8528137423857,84.8528137423857,0.8,2.4,313.95541084682714,-168.29141392239833,-149.9066376115481,346.0,-2.0,0.01,0.05,0.0,0.05,0.0,0.0,0.0,0.0,60.0,134.4769961740669,112.2984305322207,107.1701334327806,71.57073424242621,60.183386411866195,57.83156577510244
0.13020833333333334,-144.2497833620557,130.10764773832474,12.445079348883239,0.0,-1.6,267.28636328851496,-250.31580054003783,-16.970562748477143,363.0,-1.0,0.02,0.06,0.0,0.05,0.0,0.0,0.0,0.0,60.0,137.5829295370614,117.40953964648699,106.81233542994929,73.40613053417269,62.60990336999412,57.69029381100429
0.13072916666666667,-117.66256838944152,149.9066376115481,-31.67838379715733,0.0,0.0,224.85995641732214,-281.4284989122459,55.15432893255071,359.0,-1.0,0.02,0.05,0.0,0.05,0.0,0.0,0.0,0.0,60.0,139.2367587959444,123.43444616475581,107.24592066834057,74.19070022583693,65.7228270846591,57.960072463722824
0.13125,-101.82337649086286,155.56349186104046,-57.69991334482228,0.0,-2.4,190.91883092036784,-296.98484809834997,106.06601717798213,346.0,-1.0,0.02,0.05,0.01,0.05,0.0,0.0,0.0,0.0,60.0,140.3544619882104,129.62276999046117,108.72068570423937,74.77365846339204,68.7733960191003,58.72793202557025
0.13177083333333334,-87.11555544218267,168.29141392239833,-82.59007204258876,0.0,-0.8,172.5340546095176,-322.4406922210657,149.9066376115481,351.0,-1.0,0.01,0.05,0.01,0.05,0.0,0.0,0.0,0.0,60.0,141.81700356445273,137.14408481593367,111.20336101035795,75.36192672696208,72.43067375083571,60.08568881189597
0.13229166666666667,-87.11555544218267,182.43354954612929,-99.56063479106591,0.0,-3.2,166.87720036002523,-350.7249634685276,183.84776310850236,364.0,-1.0,0.02,0.05,0.0,0.06,0.0,0.0,0.0,0.0,60.0,143.93835486068332,146.5,114.44840540610429,76.45927020316111,77.12136539247733,61.77386178635751
0.1328125,-67.88225099390857,190.91883092036784,-121.05668093913694,0.0,1.6,131.52186130069785,-357.7960312803931,226.27416997969522,345.0,-1.0,0.02,0.05,0.0,0.05,0.0,0.0,0.0,0.0,60.0,145.49420091536297,156.32917993771989,119.17791322220741,77.23354193613032,82.40708404014791,64.14990257202267
0.13333333333333333,-35.07249634685276,173.9482681718907,-140.28998538741104,0.0,-0.8,62.22539674441619,-319.6122650963195,255.97265478953022,264.0,-1.0,0.01,0.05,0.0,0.05,0.0,0.0,0.0,0.0,60.0,145.8732326371086,163.8078142214223,125.00374994375169,77.46547618132867,86.63400025394188,67.29494780442289
0.13385416666666666,29.41564209736038,98.42926394116742,-127.84490603852781,0.0,0.0,-57.9827560572969,-176.7766952966369,233.3452377915607,90.0,0.0,0.01,0.05,0.01,0.04,0.0,0.0,0.0,0.0,60.0,146.20704497389994,165.06210952244612,128.93893903704964,77.61404512071252,87.43208793114803,69.38566134296049
0.134375,82.59007204258876,38.46660889654819,-118.79393923933999,0.8,1.6,-154.14927829866738,-65.05382386916237,220.61731573020285,-63.0,-1.0,0.01,0.05,0.0,0.04,0.0,0.0,0.0,0.0,60.0,148.49579118614778,164.42475482724612,132.02532900924732,78.84123286707279,87.10091847965784,70.96710505579328
0.13489583333333333,123.3194226389339,-2.2627416997969525,-119.92531008923847,0.8,0.8,-227.68838354206832,2.8284271247461903,224.85995641732214,-160.0,-1.0,0.01,0.05,0.0,0.04,0.0,0.0,0.0,0.0,60.0,153.30382415321546,163.93043494116642,135.45363597925305,81.48214528349139,86.82010135907467,72.69202157045848
0.13541666666666666,149.9066376115481,-27.152900397563425,-123.3194226389339,0.0,-0.8,-278.60007178749976,45.254833995939045,233.3452377915607,-228.0,-1.0,0.0,0.05,0.0,0.05,0.0,0.0,0.0,0.0,60.0,160.12065763042568,163.9866610429031,139.58935310402438,85.14358460858926,86.87813303703068,74.73372732575301
0.1359375,172.5340546095176,-42.99209229614209,-128.97627688842627,0.8,0.8,-322.4406922210657,77.78174593052023,244.65894629054546,-282.0,-1.0,0.01,0.05,0.0,0.04,0.0,0.0,0.0,0.0,60.0,168.78277459503977,164.56039924599114,144.65540950825172,89.77015094116751,87.20900182893966,77.26842822265766
0.13645833333333332,188.09040379562165,-52.043059095329895,-135.76450198781714,0.0,0.0,-343.65389565666214,86.2670273047588,255.97265478953022,-304.0,-1.0,0.01,0.05,0.0,0.04,0.0,0.0,0.0,0.0,60.0,177.99754211786185,165.19723060632705,150.58282604600035,94.9494734055961,87.65437809944237,80.26437565944185
0.13697916666666668,188.09040379562165,-50.91168824543143,-138.0272436876141,0.8,-0.8,-352.13917703090067,94.75230867899738,257.38686835190333,-318.0,-1.0,0.0,0.04,0.0,0.04,0.0,0.0,0.0,0.0,60.0,187.1608599574174,165.75772983484057,156.7478070022034,99.7595358850471,87.9495878330308,83.52777981007277
0.1375,195.16147160748713,-69.01362184380704,-125.58216433873085,0.0,0.8,-360.62445840513925,128.69343417595167,230.5168106668145,-344.0,-1.0,0.0,0.04,0.0,0.04,0.0,0.0,0.0,0.0,60.0,196.40694361452702,166.7037042179927,161.7349297461745,104.80197994312894,88.48282319184894,86.25873868774109
0.13802083333333334,179.60512242138307,-88.24692629208114,-89.37829714197962,0.0,1.6,-326.683332908185,166.87720036002523,158.39191898578665,-350.0,-1.0,0.0,0.04,0.0,0.03,0.0,0.0,0.0,0.0,60.0,203.6412286350679,168.4126257143448,164.09791284474036,108.86816568676079,89.3544067184154,87.65529077015262
0.13854166666666667,154.14927829866738,-117.66256838944152,-33.941125496954285,0.0,1.6,-280.01428534987286,219.20310216782974,60.81118318204309,-352.0,-1.0,0.0,0.04,0.0,0.03,0.0,0.0,0.0,0.0,60.0,208.7748488204458,171.7376269196707,164.44489958645724,111.76224765098453,91.15201588555242,87.86040063646422
0.1390625,132.3703894381217,-133.5017602880202,0.0,0.0,-0.8,-243.24473272817235,243.24473272817235,0.0,-344.0,-1.0,0.0,0.03,0.0,0.03,0.0,0.0,0.0,0.0,60.0,212.66331959226068,175.87708776301704,164.34434124727264,113.90504817610147,93.51283334387854,87.82761524714195
0.13958333333333334,118.79393923933999,-135.76450198781714,18.10193359837562,0.0,0.8,-219.20310216782974,250.31580054003783,-32.526911934581186,-333.0,-1.0,0.0,0.03,0.0,0.03,0.0,0.0,0.0,0.0,60.0,215.93343881853963,180.25208043182192,164.1405647608171,115.6793845073529,95.95983534792043,87.76542599452247
0.14010416666666667,107.48023074035522,-142.83556979968262,35.07249634685276,0.8,-0.0,-199.40411229460642,265.8721497261419,-66.46803743153548,-328.0,-1.0,0.0,0.04,0.0,0.03,0.0,0.0,0.0,0.0,60.0,218.72871324999835,185.35793077179082,164.02629362391872,117.18003242873762,98.7411388429362,87.73625248436362
0.140625,87.11555544218267,-144.2497833620557,56.568542494923804,0.8,-0.8,-155.56349186104046,267.28636328851496,-111.72287142747452,-298.0,-1.0,0.0,0.03,0.0,0.03,0.0,0.0,0.0,0.0,60.0,220.44939895586018,190.59397288476885,164.48233187792542,118.18493981891262,101.61743206753457,87.94117351957502
0.14114583333333333,52.043059095329895,-138.0272436876141,85.98418459228418,0.0,0.0,-89.095454429505,258.80108191427644,-168.29141392239833,-246.0,-1.0,0.0,0.03,0.0,0.03,0.0,0.0,0.0,0.0,60.0,220.98359667631442,195.57639172456373,166.30976369413793,118.53168352807614,104.27110098200748,88.82978104217077
0.14166666666666666,14.70782104868019,-131.23901858822322,117.66256838944152,0.0,0.8,-19.79898987322333,246.07315985291856,-226.27416997969522,-190.0,-1.0,0.0,0.03,0.0,0.03,0.0,0.0,0.0,0.0,60.0,220.8923663235106,200.13027007426936,170.2303586320607,118.5055272972531,106.70380733600841,90.84497784687936
0.1421875,-15.839191898578665,-132.3703894381217,149.9066376115481,0.0,1.6,32.526911934581186,251.73001410241093,-284.2569260369921,-154.0,-1.0,0.0,0.03,0.0,0.02,0.0,0.0,0.0,0.0,60.0,220.71757972576629,204.95075628062463,176.81399124503693,118.42449071032561,109.21310589851385,94.30917240650562
0.14270833333333333,-48.64894654563447,-119.92531008923847,169.7056274847714,0.0,0.8,98.99494936611666,219.20310216782974,-318.1980515339464,-83.0,-1.0,0.0,0.03,0.0,0.02,0.0,0.0,0.0,0.0,60.0,221.0428408702711,208.5804700828915,185.05404615949362,118.54146953703585,111.25098875965104,98.73185909320254
0.14322916666666666,-90.50966799187809,-79.19595949289332,169.7056274847714,0.0,0.0,173.9482681718907,145.6639969244288,-319.6122650963195,21.0,-1.0,0.0,0.04,0.0,0.03,0.0,0.0,0.0,0.0,60.0,222.68349175455285,210.1304654256493,193.18821780843675,119.37470418811516,112.10683520642263,103.04765887685174
0.14375,-134.63313113791867,-32.809754647055804,165.46298679765212,0.0,-1.6,258.80108191427644,50.91168824543143,-309.7127701597078,146.0,-2.0,0.0,0.04,0.0,0.03,0.0,0.0,0.0,0.0,60.0,226.78830988390916,210.16124761715704,200.65642277285818,121.44760187010692,112.17817301061736,107.0580333277237
0.14427083333333332,-183.84776310850236,24.890158697766477,156.97770542341357,0.8,-1.6,353.5533905932738,-59.396969619669996,-292.7422074112307,290.0,-2.0,0.0,0.04,0.0,0.04,0.0,0.0,0.0,0.0,60.0,234.6980773248899,210.08093678389764,207.1883201341234,125.44006536988093,112.08185624801189,110.58446997657492
0.14479166666666668,-223.44574285494903,76.93321779309638,144.2497833620557,0.8,-0.8,417.19300090006305,-144.2497833620557,-274.35743110038044,394.0,-1.0,0.0,0.04,0.0,0.03,0.0,0.0,0.0,0.0,60.0,245.5239295873215,211.0906203505973,212.78789321763585,131.26865581699235,112.60578359924503,113.48574800387932
0.1453125,-236.17366491630688,90.50966799187809,144.2497833620557,0.8,-0.8,444.06305858515185,-169.7056274847714,-274.35743110038044,433.0,-1.0,0.0,0.04,0.0,0.04,0.0,0.0,0.0,0.0,60.0,254.56629784792804,213.06161080776613,215.69741537626268,136.6446577806831,113.62685642047835,115.5866125466094
0.14583333333333334,-233.3452377915607,99.56063479106591,130.10764773832474,1.6,-2.4,432.7493500861671,-190.91883092036784,-240.41630560342617,441.0,-1.0,0.01,0.05,0.0,0.05,0.0,0.0,0.0,0.0,60.0,257.6794277780048,215.37003041277586,213.84720012195623,138.12068997800438,114.86419154810606,114.35477690066122
0.14635416666666667,-213.54624791833737,122.18805178903543,88.24692629208114,0.8,-2.4,397.39401102683973,-236.17366491630688,-162.63455967290594,449.0,-1.0,0.01,0.05,0.0,0.05,0.0,0.0,0.0,0.0,60.0,261.25370810765537,217.3528237681765,214.13766016280275,140.11472977528092,115.91092485180161,114.43502523266206
0.146875,-192.33304448274095,144.2497833620557,44.12346314604057,0.8,-3.2,354.9676041556469,-272.9432175380074,-80.61017305526643,441.0,-1.0,0.01,0.06,0.0,0.05,0.0,0.0,0.0,0.0,60.0,264.4966918507678,218.20231437819353,214.59030733003763,141.90802479070732,116.43278103695711,114.6794445399872
0.14739583333333334,-151.32085117392117,147.0782104868019,2.2627416997969525,0.8,-1.6,281.4284989122459,-280.01428534987286,-2.8284271247461903,401.0,-1.0,0.02,0.05,0.01,0.05,0.0,0.0,0.0,0.0,60.0,266.1832075845507,218.1454503307369,214.3692783493008,142.90139957327222,116.32000042984869,114.54333241179951
0.14791666666666667,-128.97627688842627,159.80613254815975,-30.547012947258857,0.0,0.0,255.97265478953022,-308.29855659733477,52.32590180780452,401.0,-1.0,0.02,0.05,0.01,0.06,0.0,0.0,0.0,0.0,60.0,267.88430338487547,218.6353985520186,213.74795320657458,143.584992251976,116.49959227396462,114.21600150591861
0.1484375,-133.5017602880202,181.01933598375618,-49.780317395532954,0.8,-1.6,254.55844122715712,-345.0681092190352,91.92388155425118,420.0,-1.0,0.02,0.06,0.01,0.05,0.0,0.0,0.0,0.0,60.0,269.91989552457966,219.7121696674993,212.72047386182646,144.69433299200077,117.09437433113513,113.62031068431385
0.14895833333333333,-98.42926394116742,183.84776310850236,-85.98418459228418,1.6,-0.0,179.60512242138307,-345.0681092190352,165.46298679765212,369.0,-1.0,0.02,0.06,0.01,0.06,0.0,0.0,0.0,0.0,60.0,270.1750589895374,219.432079468796,212.24823320819422,144.92084046126698,117.1634755373875,113.27336403585798
0.14947916666666666,-38.46660889654819,166.87720036002523,-128.97627688842627,0.8,0.0,67.88225099390857,-311.1269837220809,240.41630560342617,269.0,-1.0,0.02,0.05,0.01,0.05,0.0,0.0,0.0,0.0,60.0,269.44016033249386,217.19777853375942,212.7335481300493,144.58315946195117,116.01063528832174,113.54618003261933
0.15,14.70782104868019,125.58216433873085,-142.83556979968262,0.0,-1.6,-29.698484809834998,-226.27416997969522,254.55844122715712,137.0,-1.0,0.01,0.05,0.0,0.05,0.0,0.0,0.0,0.0,60.0,269.2667125732403,213.50087821833426,212.6805115660577,144.4735615951929,114.04273321873691,113.6453144656655
0.15052083333333333,65.61950929411161,63.35676759431466,-131.23901858822322,0.0,-1.6,-124.45079348883237,-117.3797256769669,241.83051916579927,-3.0,-1.0,0.01,0.05,0.01,0.05,0.0,0.0,0.0,0.0,60.0,269.9694427152821,212.21834275104496,212.97652452793946,144.84519322366208,113.26263726401571,113.76615269929806
0.15104166666666666,118.79393923933999,20.36467529817257,-140.28998538741104,0.8,-0.8,-222.03152929257593,-36.76955262170048,257.38686835190333,-128.0,-1.0,0.02,0.05,0.0,0.05,0.0,0.0,0.0,0.0,60.0,271.4433642585503,212.00619094734003,214.26210584235375,145.62956430615316,113.11562668349586,114.52850081966498
0.1515625,158.39191898578665,-11.313708498984761,-149.9066376115481,0.0,-1.6,-299.8132752230962,22.627416997969522,277.18585822512665,-227.0,-1.0,0.02,0.05,0.0,0.05,0.0,0.0,0.0,0.0,60.0,273.6246288256962,212.04333283553152,216.16934912239526,146.68582071897748,113.13259919227526,115.62693241628442
0.15208333333333332,196.57568516986024,-37.33523804664971,-159.80613254815975,0.0,0.0,-367.6955262170047,67.88225099390857,299.8132752230962,-308.0,-1.0,0.02,0.05,0.01,0.05,0.0,0.0,0.0,0.0,60.0,276.89325560583814,212.23188968672923,218.71585447790474,148.3982563913741,113.22325291211166,117.01457174215527
0.15260416666666668,223.44574285494903,-54.30580079512685,-171.11984104714452,0.8,-1.6,-411.5361466505707,89.095454429505,321.0264786586926,-351.0,-1.0,0.01,0.05,0.0,0.05,0.0,0.0,0.0,0.0,60.0,280.5591515171088,212.37084310234303,221.78057850046292,150.50595503168637,113.37506339579264,118.69133287649947
0.153125,229.1025971044414,-48.64894654563447,-181.01933598375618,0.8,-0.8,-422.8498551495554,84.8528137423857,339.4112549695428,-361.0,-1.0,0.01,0.05,0.0,0.04,0.0,0.0,0.0,0.0,60.0,283.9197729993457,212.35303741646834,225.25332960913144,152.27189497737263,113.32795330367526,120.56381090526295
0.15364583333333334,234.7594513539338,-62.22539674441619,-173.9482681718907,0.8,-1.6,-435.5777772109133,115.9655121145938,318.1980515339464,-393.0,-1.0,0.0,0.04,0.0,0.04,0.0,0.0,0.0,0.0,60.0,287.5141300875489,212.6816870348738,227.66834430811852,154.2835619889559,113.50429507291784,122.00752026002331
0.15416666666666667,240.41630560342617,-117.66256838944152,-125.58216433873085,1.6,-1.6,-451.1341263970173,227.68838354206832,220.61731573020285,-479.0,0.0,0.0,0.04,0.0,0.03,0.0,0.0,0.0,0.0,60.0,291.47963050614703,215.25798475317936,227.36163374676917,156.26713506044706,114.74765792816862,122.00752026002331
0.1546875,231.9310242291876,-179.60512242138307,-56.568542494923804,0.8,-3.2,-428.50670939904785,332.34018715767735,94.75230867899738,-532.0,-1.0,0.0,0.04,0.0,0.02,0.0,0.0,0.0,0.0,60.0,295.57296053597327,221.17258532648208,226.25179557298546,158.4056659340189,118.0327391023355,121.39273042484876
0.15520833333333334,193.74725804511402,-178.19090885901,-15.839191898578665,0.0,-0.8,-353.5533905932738,326.683332908185,28.284271247461902,-484.0,-1.0,0.0,0.03,0.0,0.03,0.0,0.0,0.0,0.0,60.0,298.0257958633782,225.27940984475256,226.05157044356054,159.7587399800086,120.37997134075087,121.27668778458622
0.15572916666666667,165.46298679765212,-171.11984104714452,1.1313708498984762,0.8,-3.2,-311.1269837220809,316.7838379715733,-7.0710678118654755,-447.0,-1.0,0.0,0.04,0.0,0.02,0.0,0.0,0.0,0.0,60.0,299.99229156763346,228.11797934402279,226.05502648691535,160.71981053995802,121.85827834004549,121.27685269662963
0.15625,162.63455967290594,-175.3624817342638,14.70782104868019,0.0,1.6,-289.9137802864845,319.6122650963195,-29.698484809834998,-427.0,-1.0,0.0,0.04,0.0,0.03,0.0,0.0,0.0,0.0,60.0,301.86151626201047,230.8072789146824,226.0428609799478,161.91485416724433,123.42787367527644,121.26250450984428
0.15677083333333333,126.71353518862932,-155.56349186104046,27.152900397563425,0.0,-1.6,-222.03152929257593,288.4995667241114,-67.88225099390857,-363.0,-1.0,0.0,0.04,0.0,0.03,0.0,0.0,0.0,0.0,60.0,302.35471717835,231.65491576912413,226.05599416958623,162.3489451767396,123.9077378536143,121.19898926971298
0.15729166666666666,85.98418459228418,-154.14927829866738,62.22539674441619,0.0,-4.0,-144.2497833620557,287.08535316173834,-142.83556979968262,-305.0,-1.0,0.0,0.03,0.0,0.02,0.0,0.0,0.0,0.0,60.0,302.17937553711374,232.39406188627112,226.60276366364116,162.33009579249315,124.27968458279896,121.28559271405653
0.1578125,41.860721446243616,-155.56349186104046,108.6116015902537,0.0,-3.2,-60.81118318204309,285.67113959936523,-223.44574285494903,-246.0,-1.0,0.0,0.04,0.0,0.02,0.0,0.0,0.0,0.0,60.0,301.9600553053334,233.3756360462677,228.08770243044668,162.2380349979622,124.92529767825249,121.85152850908355
0.15833333333333333,-3.394112549695428,-145.6639969244288,149.9066376115481,0.8,0.0,18.38477631085024,275.77164466275354,-294.1564209736038,-183.0,-1.0,0.0,0.03,0.0,0.02,0.0,0.0,0.0,0.0,60.0,301.95726104864576,234.4109639074077,230.4951192541829,162.21830969406628,125.42389126478255,122.95285681918905
0.15885416666666666,-45.254833995939045,-136.89587283771561,182.43354954612929,0.8,0.0,90.50966799187809,257.38686835190333,-347.8965363437814,-117.0,-1.0,0.0,0.03,0.0,0.02,0.0,0.0,0.0,0.0,60.0,302.3261897355239,234.60285590759545,233.20631959704693,162.3913175018911,125.5756047168398,124.31901503792572
0.159375,-84.8528137423857,-118.79393923933999,206.4751801064719,0.0,1.6,162.63455967290594,223.44574285494903,-386.080302527855,-42.0,-1.0,0.0,0.03,0.0,0.02,0.0,0.0,0.0,0.0,60.0,303.1854836564574,234.72790098324487,236.38779050534737,162.85570300115376,125.54199496582807,126.04549773792002
0.15989583333333332,-127.84490603852781,-85.98418459228418,214.96046148071045,0.0,0.8,248.90158697766475,151.32085117392117,-398.80822458921284,70.0,-2.0,0.0,0.04,0.0,0.03,0.0,0.0,0.0,0.0,60.0,304.814492765682,234.8397059698381,240.11911106781983,163.63599848444107,125.68147238157262,128.18528581705468
0.16041666666666668,-181.01933598375618,-23.758787847868,206.4751801064719,0.8,0.8,342.23968209428904,39.59797974644666,-381.8376618407357,211.0,-2.0,0.0,0.04,0.0,0.03,0.0,0.0,0.0,0.0,60.0,307.3744662459782,234.771564504733,243.34312194923447,165.02817941188104,125.61780327644645,130.03136160173054
0.1609375,-217.78888860545666,26.021529547664947,190.91883092036784,0.8,0.0,411.5361466505707,-52.32590180780452,-357.7960312803931,327.0,-2.0,0.0,0.04,0.0,0.04,0.0,0.0,0.0,0.0,60.0,309.62134131871466,234.71898091121648,246.0454734393624,166.3138599155224,125.62496766168738,131.44259203165464
0.16145833333333334,-240.41630560342617,62.22539674441619,178.19090885901,0.0,0.0,448.30569927227117,-113.13708498984761,-335.16861428242356,392.0,-1.0,0.0,0.04,0.0,0.03,0.0,0.0,0.0,0.0,60.0,310.9772901676262,234.18528988815675,248.38817906655703,167.0517883771377,125.37014197965958,132.737165104578
0.16197916666666667,-236.17366491630688,65.61950929411161,166.87720036002523,0.0,-2.4,436.9919907732864,-123.03657992645928,-315.36962440920024,398.0,-1.0,0.01,0.04,0.0,0.04,0.0,0.0,0.0,0.0,60.0,310.6641071961806,233.27197109811542,249.90498194313776,167.0517883771377,124.8848769867673,133.56329959985266
0.1625,-227.68838354206832,80.3273303427918,144.2497833620557,0.0,-1.6,425.67828227430164,-156.97770542341357,-267.28636328851496,414.0,-1.0,0.01,0.05,0.0,0.05,0.0,0.0,0.0,0.0,60.0,310.3586634846851,232.47970341515838,250.75648047458316,166.80767368439618,124.45124547388025,134.01643555922536
0.16302083333333334,-226.27416997969522,126.71353518862932,99.56063479106591,0.8,0.0,422.8498551495554,-240.41630560342617,-182.43354954612929,467.0,-1.0,0.01,0.05,0.01,0.05,0.0,0.0,0.0,0.0,60.0,311.40809238040043,232.61556267799452,251.1818315483825,167.33122093620185,124.59258605551135,134.26393782397417
0.16354166666666667,-214.96046148071045,155.56349186104046,56.568542494923804,0.0,-1.6,397.39401102683973,-289.9137802864845,-107.48023074035522,484.0,-1.0,0.01,0.05,0.0,0.05,0.0,0.0,0.0,0.0,60.0,313.00559100437806,233.2562968067529,251.4960238254275,168.18958796548614,125.01724880991422,134.40969087085946
0.1640625,-186.67619023324855,159.80613254815975,23.758787847868,0.8,-2.4,346.4823227814083,-299.8132752230962,-46.66904755831214,459.0,-1.0,0.02,0.05,0.01,0.06,0.0,0.0,0.0,0.0,60.0,315.03809293480685,234.0240372269481,251.63080594394637,169.2961163169433,125.50448199168028,134.47470022275564
0.16458333333333333,-158.39191898578665,169.7056274847714,-11.313708498984761,0.0,0.0,295.57063453597686,-319.6122650963195,24.041630560342618,436.0,-1.0,0.02,0.05,0.01,0.05,0.0,0.0,0.0,0.0,60.0,316.11943945287516,234.49786779414436,251.4966451068483,170.07449838232657,125.90993805097357,134.38111846535583
0.16510416666666666,-128.97627688842627,182.43354954612929,-55.43717164502533,0.0,-1.6,240.41630560342617,-342.23968209428904,101.82337649086286,410.0,-1.0,0.02,0.05,0.01,0.05,0.0,0.0,0.0,0.0,60.0,315.77325725906553,234.36829990423192,251.6157785195515,169.9653347009325,125.97370757423947,134.45030680515387
0.165625,-90.50966799187809,183.84776310850236,-95.035151391472,0.0,-1.6,165.46298679765212,-343.65389565666214,178.19090885901,361.0,-1.0,0.02,0.06,0.01,0.06,0.0,0.0,0.0,0.0,60.0,315.53169412913184,234.30335571647282,251.88725156307535,169.82772152979032,125.97370757423947,134.6405770932374
0.16614583333333333,-44.12346314604057,181.01933598375618,-138.0272436876141,0.0,-0.8,84.8528137423857,-340.82546853191593,255.97265478953022,302.0,-1.0,0.02,0.06,0.01,0.06,0.0,0.0,0.0,0.0,60.0,315.660022809351,235.59101213756014,252.36580592465376,169.87070082860083,126.58248299034112,134.9207359896914
0.16666666666666666,-7.919595949289333,176.7766952966369,-168.29141392239833,0.0,0.0,18.38477631085024,-332.34018715767735,313.95541084682714,249.0,-1.0,0.02,0.06,0.01,0.06,0.0,0.0,0.0,0.0,60.0,315.63309395562436,239.48838698358634,254.44793180531062,169.85657184813311,128.47897687948796,135.83484457237032
0.1671875,19.233304448274094,169.7056274847714,-189.50461735799476,0.0,-0.8,-33.941125496954285,-316.7838379715733,350.7249634685276,197.0,-1.0,0.02,0.06,0.01,0.05,0.0,0.0,0.0,0.0,60.0,314.92260954082036,245.07167318970178,258.37992859353454,169.4941149420829,131.4587672998648,137.96780421533137
0.16770833333333332,61.09402589451771,128.97627688842627,-190.91883092036784,0.0,-0.8,-121.62236636408618,-224.85995641732214,345.0681092190352,67.0,0.0,0.02,0.05,0.0,0.05,0.0,0.0,0.0,0.0,60.0,313.205902722155,248.1893178603785,261.5548460648359,168.53455135372096,133.37273896865133,139.85398635720043
0.16822916666666668,131.23901858822322,38.46660889654819,-171.11984104714452,0.8,-0.8,-246.07315985291856,-69.29646455628166,313.95541084682714,-116.0,0.0,0.01,0.05,0.01,0.05,0.0,0.0,0.0,0.0,60.0,311.73897334148006,248.45925219238666,262.8501236446352,167.80385871606174,133.53099827380908,140.6127661345157
0.16875,166.87720036002523,4.525483399593905,-172.5340546095176,0.8,-0.8,-308.29855659733477,-12.727922061357857,321.0264786586926,-208.0,-1.0,0.01,0.05,0.0,0.05,0.0,0.0,0.0,0.0,60.0,309.7199339726134,248.17949653426248,263.63184557257114,166.79575084515795,133.3701896976982,141.08202401440093
0.16927083333333334,179.60512242138307,-4.525483399593905,-176.7766952966369,0.0,-0.8,-332.34018715767735,4.242640687119286,328.0975464705581,-240.0,-1.0,0.01,0.05,0.01,0.04,0.0,0.0,0.0,0.0,60.0,306.7334958885319,247.68036357369957,263.903746657754,165.13217433316865,133.02664206842178,141.29981422493097
0.16979166666666667,190.91883092036784,-23.758787847868,-169.7056274847714,0.0,-1.6,-353.5533905932738,43.84062043356595,309.7127701597078,-280.0,-1.0,0.01,0.04,0.0,0.04,0.0,0.0,0.0,0.0,60.0,303.9804681225424,247.34717503945745,262.7598713654732,163.60760220723242,132.8147864509069,140.86034750773547
0.1703125,195.16147160748713,-47.517575695736,-148.49242404917499,0.0,-0.8,-360.62445840513925,87.6812408671319,271.5290039756343,-318.0,-1.0,0.0,0.04,0.0,0.03,0.0,0.0,0.0,0.0,60.0,300.89730390949,246.98304597684432,261.1181485458259,161.97360124415337,132.62476201675162,139.94690957645332
0.17083333333333334,199.40411229460642,-81.45870119269028,-119.92531008923847,0.0,-1.6,-371.93816690412405,155.56349186104046,216.37467504308356,-375.0,-1.0,0.0,0.04,0.0,0.03,0.0,0.0,0.0,0.0,60.0,297.4931721905563,245.22808260882357,261.0071838091818,160.2240930696754,131.77271151494153,139.7917647789025
0.17135416666666667,209.30360723121808,-131.23901858822322,-79.19595949289332,0.0,-0.8,-391.73715677734737,250.31580054003783,140.00714267493643,-451.0,-1.0,0.0,0.03,0.0,0.03,0.0,0.0,0.0,0.0,60.0,295.9048622446073,242.16381335781776,261.6424086420243,159.24748035683328,129.9777865637048,140.13471197387176
0.171875,206.4751801064719,-166.87720036002523,-38.46660889654819,0.0,1.6,-377.5950211536164,308.29855659733477,69.29646455628166,-483.0,-1.0,0.0,0.04,0.0,0.03,0.0,0.0,0.0,0.0,60.0,296.83160209115204,241.4094032965576,261.88129467375103,159.74651013402453,129.5076252581291,140.27165608204675
0.17239583333333333,182.43354954612929,-176.7766952966369,-3.394112549695428,0.0,1.6,-330.92597359530424,328.0975464705581,2.8284271247461903,-467.0,-1.0,0.0,0.04,0.0,0.02,0.0,0.0,0.0,0.0,60.0,297.5,241.88116917197172,261.8787887554088,160.32294751531984,129.7448457550434,140.272796721246
0.17291666666666666,154.14927829866738,-189.50461735799476,35.07249634685276,0.0,0.0,-284.2569260369921,353.5533905932738,-70.71067811865476,-451.0,-1.0,0.0,0.03,0.0,0.03,0.0,0.0,0.0,0.0,60.0,297.329362828497,243.35262480606204,262.1243741051183,160.06076189997347,130.36477668450172,140.3856741266715
0.1734375,126.71353518862932,-200.8183258569795,72.40773439350248,0.0,-1.6,-234.7594513539338,376.1808075912433,-142.83556979968262,-432.0,-1.0,0.0,0.03,0.0,0.02,0.0,0.0,0.0,0.0,60.0,297.634738395907,247.06628665198335,263.0641556730981,160.06076189997347,132.2836913606511,140.88625731418944
0.17395833333333333,96.16652224137047,-209.30360723121808,112.00571413994913,0.8,-0.8,-175.3624817342638,393.1513703397205,-217.78888860545666,-401.0,-1.0,0.0,0.03,0.0,0.02,0.0,0.0,0.0,0.0,60.0,298.15631386908444,251.58783257542484,264.664764371837,160.24171585451774,134.6306521561862,141.84490650002206
0.17447916666666666,59.96265504461923,-212.13203435596427,149.9066376115481,0.8,-1.6,-108.89444430272833,397.39401102683973,-287.08535316173834,-359.0,-1.0,0.0,0.02,0.0,0.01,0.0,0.0,0.0,0.0,60.0,298.5836356868876,256.28353439111146,266.57597416121354,160.42134365476434,137.0234012860577,143.01603931028157
0.175,26.021529547664947,-210.7178207935912,183.84776310850236,0.0,-0.8,-48.083261120685236,395.9797974644666,-347.8965363437814,-315.0,-1.0,0.0,0.03,0.0,0.02,0.0,0.0,0.0,0.0,60.0,298.68691802621686,261.1602716723966,268.5907667809897,160.48615983940795,139.64208713708055,144.24835354346337
0.17552083333333332,-5.656854249492381,-206.4751801064719,207.88939366884497,0.0,-2.4,12.727922061357857,383.2518754031088,-395.9797974644666,-261.0,-1.0,0.0,0.03,0.0,0.02,0.0,0.0,0.0,0.0,60.0,298.266554444175,265.9407828822048,270.66353651720436,160.28976105790412,142.29027549344332,145.32063686895953
0.17604166666666668,-42.99209229614209,-181.01933598375618,222.03152929257593,0.0,-1.6,82.02438661763952,335.16861428242356,-417.19300090006305,-179.0,-1.0,0.0,0.04,0.0,0.02,0.0,0.0,0.0,0.0,60.0,297.23160161732466,269.5826635746446,272.1024623188846,159.76722911786382,144.32436557975925,146.03561209513248
0.1765625,-79.19595949289332,-140.28998538741104,219.20310216782974,0.0,0.0,154.14927829866738,258.80108191427644,-411.5361466505707,-74.0,-2.0,0.0,0.04,0.0,0.03,0.0,0.0,0.0,0.0,60.0,295.2171869996732,272.1255454748782,272.69408226069004,158.77911544028703,145.64862683870385,146.23256306308798
0.17708333333333334,-117.66256838944152,-89.37829714197962,206.4751801064719,0.0,0.0,226.27416997969522,158.39191898578665,-384.6660889654819,50.0,-2.0,0.0,0.04,0.0,0.04,0.0,0.0,0.0,0.0,60.0,291.70693769603764,273.4726905926806,272.8182774302338,156.90585553127073,146.44289842802212,146.23256306308798
0.17760416666666667,-156.97770542341357,-21.496046148071045,181.01933598375618,0.0,1.6,296.98484809834997,42.42640687119285,-337.9970414071697,175.0,-2.0,0.0,0.04,0.0,0.04,0.0,0.0,0.0,0.0,60.0,287.3266868914198,273.41909223753925,272.02814652164216,154.6197270725828,146.41995253379915,145.83860942836776
0.178125,-168.29141392239833,0.0,166.87720036002523,0.0,-0.8,312.54119728445403,9.899494936611665,-323.85490578343877,212.0,-1.0,0.0,0.04,0.0,0.03,0.0,0.0,0.0,0.0,60.0,281.6533773985322,272.69224869805157,271.5995443663336,151.61158431993246,146.00617281471355,145.41973731237448
0.17864583333333334,-161.22034611053286,-3.394112549695428,165.46298679765212,0.0,0.0,305.47012947258855,5.656854249492381,-311.1269837220809,218.0,-1.0,0.0,0.05,0.0,0.04,0.0,0.0,0.0,0.0,60.0,276.1830235550332,271.82531155137116,271.4465877479398,148.5101343343275,145.54587764687807,145.36922817432855
0.17916666666666667,-179.60512242138307,48.64894654563447,128.97627688842627,0.8,-1.6,343.65389565666214,-101.82337649086286,-239.0020920410531,316.0,-2.0,0.02,0.06,0.0,0.05,0.0,0.0,0.0,0.0,60.0,272.58954950621273,271.0035746996707,270.6210450057423,146.43517337033475,145.10659013290885,144.9199865442997
0.1796875,-202.2325394193526,124.45079348883237,76.93321779309638,0.0,-0.8,377.5950211536164,-230.5168106668145,-147.0782104868019,425.0,-2.0,0.02,0.05,0.0,0.05,0.0,0.0,0.0,0.0,60.0,270.50519865614416,270.73464868760334,269.94756435278316,145.3317670022628,145.04538082958726,144.4887625388217
0.18020833333333333,-195.16147160748713,149.9066376115481,40.72935059634514,0.8,-3.2,359.21024484276614,-277.18585822512665,-83.43860018001261,448.0,-1.0,0.02,0.05,0.01,0.06,0.0,0.0,0.0,0.0,60.0,268.83126678271634,270.3177528391356,269.68175689134034,144.45612655751228,144.8591125887495,144.32200975596203
0.18072916666666666,-169.7056274847714,158.39191898578665,9.05096679918781,0.0,-1.6,316.7838379715733,-296.98484809834997,-19.79898987322333,436.0,-1.0,0.02,0.05,0.01,0.05,0.0,0.0,0.0,0.0,60.0,267.68393209156204,270.2201648656147,269.57825858180775,143.8004607085805,144.81056591285045,144.2697560128248
0.18125,-148.49242404917499,182.43354954612929,-31.67838379715733,0.0,1.6,280.01428534987286,-339.4112549695428,59.396969619669996,439.0,-1.0,0.02,0.05,0.0,0.06,0.0,0.0,0.0,0.0,60.0,267.16076620641735,270.9735918867372,269.74918906272916,143.4699794382086,145.29336701997101,144.3645472406574
0.18177083333333333,-127.84490603852781,202.2325394193526,-75.8018469431979,0.8,-0.8,239.0020920410531,-379.0092347159895,140.00714267493643,436.0,-1.0,0.02,0.06,0.01,0.06,0.0,0.0,0.0,0.0,60.0,267.12111017289516,272.49850917023383,270.2835316847847,143.4383316969352,146.1101040311723,144.65352570884681
0.18229166666666666,-98.42926394116742,213.54624791833737,-116.53119753954304,0.8,-0.8,183.84776310850236,-400.22243815158595,216.37467504308356,413.0,-1.0,0.02,0.06,0.02,0.06,0.0,0.0,0.0,0.0,60.0,267.4964953041441,274.90077755437505,271.15309328864384,143.60123606710354,147.3668042674469,145.14393717961494
0.1828125,-64.48813844421313,214.96046148071045,-151.32085117392117,0.8,-0.8,121.62236636408618,-404.4650788387052,281.4284989122459,372.0,-1.0,0.02,0.06,0.01,0.06,0.0,0.0,0.0,0.0,60.0,267.9395920725416,277.5835459821061,271.94025079049993,143.84170118571316,148.7849958833215,145.5574285290861
0.18333333333333332,-28.284271247461902,210.7178207935912,-182.43354954612929,0.8,0.0,57.9827560572969,-391.73715677734737,333.75440072005046,318.0,-1.0,0.02,0.06,0.01,0.06,0.0,0.0,0.0,0.0,60.0,268.1158797982693,279.99397314942337,272.67608989421865,143.92176694301665,150.15983151295822,146.08889417063847
0.18385416666666668,5.656854249492381,195.16147160748713,-200.8183258569795,0.0,0.0,-9.899494936611665,-360.62445840513925,370.52395334175094,247.0,-1.0,0.02,0.06,0.01,0.06,0.0,0.0,0.0,0.0,60.0,268.05444875994874,281.6463873370294,273.49314433820825,143.88507566804833,151.1232113210939,146.56044827988214
0.184375,40.72935059634514,166.87720036002523,-209.30360723121808,0.0,-0.8,-80.61017305526643,-308.29855659733477,387.49451609022805,161.0,-1.0,0.02,0.06,0.0,0.05,0.0,0.0,0.0,0.0,60.0,267.5705514439136,284.10363426045785,275.2630560027989,143.65971947626795,152.2781501069671,147.34280606802628
0.18489583333333334,78.06458864299485,131.23901858822322,-210.7178207935912,0.0,-0.8,-147.0782104868019,-241.83051916579927,387.49451609022805,67.0,-1.0,0.02,0.05,0.01,0.05,0.0,0.0,0.0,0.0,60.0,265.2880509936322,287.0407201077924,278.17575379604887,142.44407674592858,153.8851357344172,148.93757920686102
0.18541666666666667,110.87434329005066,88.24692629208114,-205.0609665440988,0.0,-4.0,-209.30360723121808,-162.63455967290594,371.93816690412405,-32.0,-1.0,0.01,0.05,0.0,0.05,0.0,0.0,0.0,0.0,60.0,262.2527406911127,288.4681524882773,280.15040603218836,140.7274848776883,154.67176536136128,150.2205545190138
0.1859375,142.83556979968262,44.12346314604057,-186.67619023324855,0.8,0.0,-263.0437226013957,-83.43860018001261,345.0681092190352,-126.0,-1.0,0.01,0.05,0.0,0.04,0.0,0.0,0.0,0.0,60.0,259.7829622973763,288.84403230809534,280.78684085975254,139.40489589680843,154.86624874387576,150.59433090259407
0.18645833333333334,161.22034611053286,5.656854249492381,-168.29141392239833,0.8,-0.8,-301.2274887854693,-9.899494936611665,311.1269837220809,-205.0,-1.0,0.0,0.04,0.0,0.04,0.0,0.0,0.0,0.0,60.0,257.71398875497624,288.7453462828449,280.8356948466487,138.22775589584023,154.81251564392332,150.5447275729044
0.18697916666666667,175.3624817342638,-30.547012947258857,-148.49242404917499,0.0,-2.4,-328.0975464705581,57.9827560572969,270.1147904132612,-273.0,-1.0,0.0,0.04,0.0,0.04,0.0,0.0,0.0,0.0,60.0,256.3521747518441,288.511156630034,280.7930732763898,137.39600612827144,154.67874773219495,150.5447275729044
0.1875,186.67619023324855,-67.88225099390857,-119.92531008923847,0.8,-0.8,-347.8965363437814,132.93607486307096,214.96046148071045,-340.0,-1.0,0.0,0.04,0.0,0.03,0.0,0.0,0.0,0.0,60.0,255.29517230061364,288.15740056434436,280.7591271891263,136.83603326609554,154.47380036757045,150.5447275729044
0.18802083333333333,195.16147160748713,-113.13708498984761,-83.72144289248723,0.0,-1.6,-359.21024484276614,212.13203435596427,145.6639969244288,-403.0,-1.0,0.0,0.04,0.0,0.02,0.0,0.0,0.0,0.0,60.0,253.79580867303542,287.1983199811587,280.8490475326559,136.18131296180104,154.02569590818283,150.62123024328278
0.18854166666666666,189.50461735799476,-147.0782104868019,-39.59797974644666,0.0,1.6,-347.8965363437814,277.18585822512665,70.71067811865476,-441.0,-1.0,0.0,0.04,0.0,0.03,0.0,0.0,0.0,0.0,60.0,252.46583927335595,286.2055642366165,280.860063020715,135.40808690768804,153.3938232133224,150.63039201967177
0.1890625,172.5340546095176,-172.5340546095176,-1.1313708498984762,0.0,-0.0,-319.6122650963195,322.4406922210657,-2.8284271247461903,-454.0,-1.0,0.0,0.04,0.0,0.02,0.0,0.0,0.0,0.0,60.0,252.00992043965255,286.0045891240209,280.860063020715,135.001990726063,153.242789389909,150.62932981328703
0.18958333333333333,154.14927829866738,-192.33304448274095,38.46660889654819,0.8,0.0,-281.4284989122459,357.7960312803931,-76.36753236814714,-452.0,-1.0,0.0,0.03,0.0,0.02,0.0,0.0,0.0,0.0,60.0,251.91069846276875,286.1694209729614,280.9063456029429,135.001990726063,153.3528692265,150.65521896037987
0.19010416666666666,125.58216433873085,-206.4751801064719,76.93321779309638,0.0,-3.2,-234.7594513539338,383.2518754031088,-149.9066376115481,-436.0,-1.0,0.0,0.03,0.0,0.02,0.0,0.0,0.0,0.0,60.0,251.91069846276875,286.46247572762474,281.02146270347396,134.9689501329843,153.58744252053944,150.7252964833707
0.190625,95.035151391472,-210.7178207935912,113.13708498984761,0.0,-1.6,-173.9482681718907,393.1513703397205,-219.20310216782974,-401.0,-1.0,0.0,0.03,0.0,0.02,0.0,0.0,0.0,0.0,60.0,251.88005578052423,286.46247572762474,281.0558218575093,134.9439050124162,153.64786038210883,150.7516998245791
0.19114583333333332,61.09402589451771,-209.30360723121808,147.0782104868019,0.0,-0.8,-108.89444430272833,388.90872965260115,-280.01428534987286,-351.0,-1.0,0.0,0.03,0.0,0.02,0.0,0.0,0.0,0.0,60.0,251.88005578052423,286.09832226002305,280.8328016810002,134.9597625220199,153.52659378752594,150.6646109741767
0.19166666666666668,22.627416997969522,-197.9898987322333,172.5340546095176,0.0,-1.6,-41.01219330881976,369.10973977937783,-328.0975464705581,-290.0,-1.0,0.0,0.03,0.0,0.02,0.0,0.0,0.0,0.0,60.0,251.84097164679142,284.9733540175292,280.0871516153499,134.94064435891804,152.99624995404298,150.24588180712308
0.1921875,-13.576450198781712,-179.60512242138307,193.74725804511402,0.0,0.0,29.698484809834998,336.58282784479667,-364.86709909225857,-217.0,-1.0,0.0,0.04,0.0,0.02,0.0,0.0,0.0,0.0,60.0,251.8856387331362,283.12541390698226,278.76345259018444,134.95828059070698,151.93309382751343,149.65401765405431
0.19270833333333334,-50.91168824543143,-155.56349186104046,206.4751801064719,0.8,-0.0,100.40916292848975,288.4995667241114,-387.49451609022805,-134.0,-1.0,0.0,0.04,0.0,0.02,0.0,0.0,0.0,0.0,60.0,252.0936086060097,281.514542253149,277.4207093927921,135.04435382495632,151.04937934331275,148.9564114095127
0.19322916666666667,-88.24692629208114,-121.05668093913694,207.88939366884497,1.6,-0.8,168.29141392239833,227.68838354206832,-394.5655839020935,-42.0,-1.0,0.0,0.03,0.0,0.03,0.0,0.0,0.0,0.0,60.0,252.37608345483136,280.6731862861146,276.6491460315755,135.21958992690372,150.52851889260054,148.4486864205945
0.19375,-122.18805178903543,-82.59007204258876,206.4751801064719,0.8,0.8,231.9310242291876,154.14927829866738,-386.080302527855,54.0,-1.0,0.0,0.04,0.0,0.03,0.0,0.0,0.0,0.0,60.0,252.53650726182144,280.59935851672935,276.7107018168976,135.34495742361443,150.40729703043002,148.44868642059453
0.19427083333333334,-149.9066376115481,-41.860721446243616,193.74725804511402,0.8,0.8,285.67113959936523,77.78174593052023,-363.45288552988546,146.0,-1.0,0.0,0.04,0.0,0.03,0.0,0.0,0.0,0.0,60.0,252.1283155458744,280.8359173966179,277.71714477143826,135.09420786991575,150.54127341031761,148.94990768711475
0.19479166666666667,-175.3624817342638,-2.2627416997969525,175.3624817342638,0.8,-1.6,326.683332908185,2.8284271247461903,-329.5117600329312,229.0,-1.0,0.0,0.05,0.0,0.04,0.0,0.0,0.0,0.0,60.0,252.68792511712942,280.8309099796531,277.92501236844447,135.37496999076308,150.54180482510498,149.25422942081073
0.1953125,-189.50461735799476,38.46660889654819,151.32085117392117,0.0,0.0,356.38181771802,-72.12489168102785,-284.2569260369921,303.0,-1.0,0.01,0.05,0.0,0.04,0.0,0.0,0.0,0.0,60.0,254.76300261223176,281.1184136622857,277.0241415472666,136.51513652339068,150.69411070111533,148.78449179938076
0.19583333333333333,-199.40411229460642,76.93321779309638,118.79393923933999,0.0,-2.4,373.3523804664971,-145.6639969244288,-226.27416997969522,367.0,-1.0,0.0,0.05,0.0,0.05,0.0,0.0,0.0,0.0,60.0,256.0656654063563,281.7208281260014,276.6899212114529,137.37133070622852,151.0619574876481,148.51930850902855
0.19635416666666666,-200.8183258569795,114.26845583974608,83.72144289248723,0.0,-1.6,374.7665940288702,-216.37467504308356,-158.39191898578665,417.0,-1.0,0.02,0.05,0.0,0.05,0.0,0.0,0.0,0.0,60.0,255.9357829612733,281.3700854746289,276.88501674883025,137.30648200285376,150.81032789567166,148.6339967840467
0.196875,-192.33304448274095,144.2497833620557,42.99209229614209,0.0,-3.2,360.62445840513925,-272.9432175380074,-86.2670273047588,447.0,-1.0,0.02,0.05,0.0,0.05,0.0,0.0,0.0,0.0,60.0,255.99792479627644,281.24044428211243,276.9121024801914,137.18170431949008,150.63782725464412,148.6539101402987
0.19739583333333333,-178.19090885901,172.5340546095176,4.525483399593905,0.0,-0.8,330.92597359530424,-318.1980515339464,-12.727922061357857,459.0,-1.0,0.02,0.05,0.0,0.05,0.0,0.0,0.0,0.0,60.0,256.55640218088496,281.9645367772338,276.89912423119,137.5175261557595,151.12248343644967,148.6474520467808
0.19791666666666666,-155.56349186104046,189.50461735799476,-33.941125496954285,0.8,-0.8,291.3279938488576,-352.13917703090067,60.81118318204309,455.0,-1.0,0.02,0.06,0.01,0.05,0.0,0.0,0.0,0.0,60.0,256.9497762209573,282.4518764320747,276.90871690865924,137.7615966080533,151.39416270120853,148.66305862587382
0.1984375,-127.84490603852781,197.9898987322333,-71.27636354360399,0.8,-0.8,240.41630560342617,-370.52395334175094,130.10764773832474,431.0,-1.0,0.02,0.06,0.01,0.06,0.0,0.0,0.0,0.0,60.0,256.99100178800035,282.09982718888716,276.75779121824195,137.76159660805328,151.21881496692134,148.5930853034555
0.19895833333333332,-95.035151391472,199.40411229460642,-106.34885989045677,0.8,-1.6,173.9482681718907,-370.52395334175094,196.57568516986024,386.0,-1.0,0.02,0.05,0.01,0.05,0.0,0.0,0.0,0.0,60.0,256.77555861101735,280.82912954321534,276.29581068123343,137.6870999767226,150.61417595963536,148.35425507884833
0.19947916666666668,-55.43717164502533,189.50461735799476,-136.89587283771561,0.8,-1.6,101.82337649086286,-356.38181771802,254.55844122715712,325.0,-1.0,0.02,0.06,0.01,0.06,0.0,0.0,0.0,0.0,60.0,256.506213375037,278.7862084106745,275.4801490125922,137.56386698548425,149.54223483685135,147.91572769655022
0.2,-15.839191898578665,176.7766952966369,-164.04877323527904,0.0,-2.4,29.698484809834998,-329.5117600329312,298.3990616607231,254.0,-1.0,0.02,0.05,0.01,0.05,0.0,0.0,0.0,0.0,60.0,256.3551003978661,276.25938898071865,274.2095457857002,137.50148181019725,148.1616684571283,147.24129855444767
0.20052083333333334,22.627416997969522,156.97770542341357,-182.43354954612929,0.0,-1.6,-41.01219330881976,-292.7422074112307,332.34018715767735,178.0,-1.0,0.02,0.06,0.01,0.05,0.0,0.0,0.0,0.0,60.0,256.451627992493,273.73938335577515,272.6759752893533,137.55601586262958,146.73681371762166,146.49168065115506
0.20104166666666667,58.83128419472076,133.5017602880202,-195.16147160748713,0.0,-1.6,-110.30865786510142,-246.07315985291856,354.9676041556469,96.0,-1.0,0.02,0.05,0.01,0.05,0.0,0.0,0.0,0.0,60.0,256.79685551034305,271.7632241492583,271.28859172475353,137.7605803559204,145.66537852214574,145.88030196020296
0.2015625,93.90378054157352,99.56063479106591,-197.9898987322333,0.0,-3.2,-179.60512242138307,-186.67619023324855,364.86709909225857,5.0,-1.0,0.02,0.05,0.01,0.05,0.0,0.0,0.0,0.0,60.0,257.44259068771044,270.4009754050455,270.30630773254256,138.06917650221575,144.87899261107526,145.32205613739438
0.20208333333333334,130.10764773832474,65.61950929411161,-199.40411229460642,0.0,-2.4,-243.24473272817235,-120.20815280171308,362.03867196751236,-87.0,-1.0,0.01,0.05,0.0,0.05,0.0,0.0,0.0,0.0,60.0,258.37315553284554,269.70666936507155,269.88597129158086,138.5927036319012,144.50301899960428,145.0758422343293
0.20260416666666667,158.39191898578665,27.152900397563425,-186.67619023324855,0.0,-0.8,-296.98484809834997,-48.083261120685236,345.0681092190352,-175.0,-1.0,0.01,0.04,0.0,0.04,0.0,0.0,0.0,0.0,60.0,259.52011001076585,269.4371448037557,269.88597129158086,139.12000215641172,144.3721666388643,145.0758422343293
0.203125,182.43354954612929,-12.445079348883239,-172.5340546095176,0.8,-1.6,-340.82546853191593,26.870057685088806,313.95541084682714,-260.0,-1.0,0.01,0.04,0.0,0.04,0.0,0.0,0.0,0.0,60.0,261.0463320945154,269.4733289214352,269.98830993211544,139.93636946841232,144.38546498868922,145.23149623962428
0.20364583333333333,200.8183258569795,-50.91168824543143,-149.9066376115481,0.0,-0.0,-371.93816690412405,100.40916292848975,270.1147904132612,-334.0,-1.0,0.0,0.05,0.0,0.04,0.0,0.0,0.0,0.0,60.0,262.8768723185819,269.86269656994097,269.9883099321154,141.00155140990472,144.5648729809562,145.2768907982271
0.20416666666666666,209.30360723121808,-90.50966799187809,-117.66256838944152,0.0,0.8,-386.080302527855,172.5340546095176,212.13203435596427,-394.0,-1.0,0.0,0.04,0.0,0.03,0.0,0.0,0.0,0.0,60.0,264.5374500897746,270.5621462806651,269.91839044422295,141.99097682599412,144.95172472240543,145.21905866655382
0.2046875,206.4751801064719,-124.45079348883237,-82.59007204258876,0.8,0.0,-383.2518754031088,237.58787847867998,145.6639969244288,-438.0,-1.0,0.0,0.03,0.0,0.03,0.0,0.0,0.0,0.0,60.0,265.5896741215667,271.2224640401307,269.918390444223,142.49013123721937,145.24118734023074,145.1988119786109
0.20520833333333333,197.9898987322333,-155.56349186104046,-42.99209229614209,0.0,-0.0,-364.86709909225857,289.9137802864845,74.95331880577405,-463.0,-1.0,0.0,0.04,0.0,0.02,0.0,0.0,0.0,0.0,60.0,266.3003473523833,271.63797138839044,269.95416277583126,142.8502275111944,145.51718970623367,145.22897438183608
0.20572916666666666,182.43354954612929,-176.7766952966369,-4.525483399593905,0.8,0.8,-336.58282784479667,332.34018715767735,2.8284271247461903,-472.0,-1.0,0.0,0.04,0.0,0.02,0.0,0.0,0.0,0.0,60.0,266.95294529186225,272.0105696475782,269.95416277583126,143.23407415835104,145.67623347684412,145.23104007064055
0.20625,161.22034611053286,-195.16147160748713,33.941125496954285,0.8,0.8,-295.57063453597686,363.45288552988546,-69.29646455628166,-465.0,-1.0,0.0,0.03,0.0,0.02,0.0,0.0,0.0,0.0,60.0,267.430131062302,272.2448346617434,269.8945395890773,143.47713232428367,145.7937412922791,145.19578161916414
0.20677083333333332,131.23901858822322,-203.6467529817257,70.14499269370552,0.0,-1.6,-241.83051916579927,379.0092347159895,-137.17871555019022,-439.0,-1.0,0.0,0.03,0.0,0.02,0.0,0.0,0.0,0.0,60.0,267.6269558546,272.0591617644956,269.682915662079,143.63525855443714,145.66936877737888,145.08830069995307
0.20729166666666668,93.90378054157352,-202.2325394193526,105.21748904055829,0.0,-2.4,-175.3624817342638,379.0092347159895,-203.6467529817257,-392.0,-1.0,0.0,0.03,0.0,0.02,0.0,0.0,0.0,0.0,60.0,267.65579575267935,271.43127583239186,269.30152710298546,143.61200332841264,145.29303149153438,144.90194960731205
0.2078125,55.43717164502533,-195.16147160748713,135.76450198781714,0.8,-3.2,-103.23759005323595,363.45288552988546,-260.2152954766495,-330.0,-1.0,0.0,0.03,0.0,0.02,0.0,0.0,0.0,0.0,60.0,267.585733924662,270.32653865279303,268.6802234999815,143.54026438599033,144.67658760144988,144.5564768524745
0.20833333333333334,20.36467529817257,-181.01933598375618,161.22034611053286,0.0,0.0,-29.698484809834998,336.58282784479667,-306.88434303496166,-259.0,-1.0,0.0,0.03,0.0,0.02,0.0,0.0,0.0,0.0,60.0,267.5390158462874,268.99651484731174,267.8957353150662,143.52967463211223,143.9802590635258,144.14775405811912
0.20885416666666667,-21.496046148071045,-159.80613254815975,179.60512242138307,0.0,-0.8,46.66904755831214,298.3990616607231,-343.65389565666214,-179.0,-1.0,0.0,0.03,0.0,0.02,0.0,0.0,0.0,0.0,60.0,267.6146950374736,267.5844492865757,267.017672636101,143.55990909721282,143.24913612304962,143.5742839090622
0.209375,-62.22539674441619,-133.5017602880202,195.16147160748713,0.0,0.0,118.79393923933999,250.31580054003783,-369.10973977937783,-93.0,-1.0,0.0,0.04,0.0,0.02,0.0,0.0,0.0,0.0,60.0,267.8498879969898,266.38036714442757,266.20246054460125,143.6991562257761,142.5518326785033,143.07891179345754
0.20989583333333334,-99.56063479106591,-104.08611819065979,200.8183258569795,0.0,-1.6,189.50461735799476,190.91883092036784,-380.42344827836257,-2.0,-1.0,0.0,0.04,0.0,0.02,0.0,0.0,0.0,0.0,60.0,268.2922846449372,265.47598761469936,265.55837399713084,143.93000903216816,142.13242065060317,142.76295913156187
0.21041666666666667,-134.63313113791867,-66.7508801440101,199.40411229460642,0.0,-1.6,253.14422766478404,124.45079348883237,-376.1808075912433,91.0,-1.0,0.0,0.04,0.0,0.03,0.0,0.0,0.0,0.0,60.0,268.89089330060995,264.98856107386973,265.11400849445886,144.2765660112549,141.87214314304273,142.44849946559634
0.2109375,-162.63455967290594,-27.152900397563425,189.50461735799476,0.0,0.0,306.88434303496166,52.32590180780452,-357.7960312803931,180.0,-1.0,0.0,0.04,0.0,0.03,0.0,0.0,0.0,0.0,60.0,269.6203349155994,264.79319760900205,264.8734367580109,144.7067379219088,141.76030826715922,142.2700337386619
0.21145833333333333,-185.26197667087547,12.445079348883239,172.5340546095176,0.8,-0.0,349.3107499061545,-24.041630560342618,-325.2691193458119,263.0,-1.0,0.0,0.05,0.0,0.03,0.0,0.0,0.0,0.0,60.0,270.5053141807015,264.8268302117442,264.7095105960494,145.09170376007032,141.7768140423532,142.16192352384658
0.21197916666666666,-202.2325394193526,53.17442994522838,149.9066376115481,0.8,-0.0,377.5950211536164,-96.16652224137047,-280.01428534987286,335.0,-1.0,0.0,0.05,0.0,0.04,0.0,0.0,0.0,0.0,60.0,271.40318255318965,265.0654400332114,264.56816229470996,145.62765877401173,141.92527963685683,142.11509420184754
0.2125,-207.88939366884497,87.11555544218267,119.92531008923847,0.0,-0.8,390.32294321497426,-165.46298679765212,-223.44574285494903,392.0,-1.0,0.01,0.05,0.0,0.04,0.0,0.0,0.0,0.0,60.0,272.14828219189627,265.42830953008763,264.4930292087109,145.9979965615967,142.10906023192192,142.14478534226993
0.21302083333333333,-206.4751801064719,122.18805178903543,82.59007204258876,0.8,-0.8,387.49451609022805,-229.1025971044414,-156.97770542341357,436.0,-1.0,0.01,0.05,0.0,0.05,0.0,0.0,0.0,0.0,60.0,272.704739599443,265.76187649849254,264.4666803209811,146.24436741290245,142.31480948938523,142.1241007007608
0.21354166666666666,-195.16147160748713,149.9066376115481,41.860721446243616,0.8,-2.4,369.10973977937783,-282.842712474619,-84.8528137423857,461.0,-1.0,0.02,0.05,0.01,0.05,0.0,0.0,0.0,0.0,60.0,273.05928843384913,266.08516024010055,264.4523822921624,146.36141909670047,142.4973859409358,142.11354615236368
0.2140625,-182.43354954612929,173.9482681718907,4.525483399593905,0.8,-2.4,337.9970414071697,-325.2691193458119,-12.727922061357857,469.0,-1.0,0.02,0.06,0.01,0.05,0.0,0.0,0.0,0.0,60.0,273.3298145098701,266.3522104282223,264.4523822921624,146.5246651591465,142.55110487120052,142.11354615236368
0.21458333333333332,-159.80613254815975,190.91883092036784,-32.809754647055804,0.0,-0.8,298.3990616607231,-356.38181771802,57.9827560572969,462.0,-1.0,0.02,0.06,0.01,0.06,0.0,0.0,0.0,0.0,60.0,273.5680902444582,266.5284928483257,264.43252920168504,146.66727651388362,142.61006275855854,142.105242690057
0.21510416666666668,-132.3703894381217,200.8183258569795,-70.14499269370552,0.8,-1.6,244.65894629054546,-373.3523804664971,128.69343417595167,436.0,-1.0,0.02,0.06,0.01,0.06,0.0,0.0,0.0,0.0,60.0,273.6856088653548,266.6518094819535,264.41090181760666,146.7926769290621,142.7335980069164,142.0876490058161
0.215625,-95.035151391472,200.8183258569795,-106.34885989045677,0.8,-0.8,175.3624817342638,-371.93816690412405,196.57568516986024,387.0,-1.0,0.02,0.05,0.02,0.06,0.0,0.0,0.0,0.0,60.0,273.71381039326457,266.7133292507144,264.41090181760666,146.7926769290621,142.79554439827598,142.0876490058161
0.21614583333333334,-53.17442994522838,190.91883092036784,-141.4213562373095,0.0,-2.4,97.58073580374356,-357.7960312803931,258.80108191427644,322.0,-1.0,0.02,0.06,0.01,0.06,0.0,0.0,0.0,0.0,60.0,273.6655120763301,266.7724920226971,264.53957643422655,146.76651525467247,142.85440140226694,142.22608762108305
0.21666666666666667,-13.576450198781712,178.19090885901,-166.87720036002523,0.0,-1.6,25.455844122715714,-330.92597359530424,304.05591591021545,253.0,-1.0,0.03,0.06,0.01,0.06,0.0,0.0,0.0,0.0,60.0,273.65215146239944,266.82719126805654,264.74079304104237,146.75942899861667,142.90929815795752,142.32887971174367
0.2171875,20.36467529817257,159.80613254815975,-185.26197667087547,0.8,-4.0,-39.59797974644666,-296.98484809834997,336.58282784479667,182.0,-1.0,0.02,0.06,0.01,0.05,0.0,0.0,0.0,0.0,60.0,273.6456422090438,266.9736644315315,264.90823882997677,146.7490715473185,143.00722883826538,142.44300614631803
0.21770833333333334,56.568542494923804,136.89587283771561,-195.16147160748713,0.8,-0.8,-106.06601717798213,-251.73001410241093,357.7960312803931,102.0,-1.0,0.02,0.05,0.01,0.06,0.0,0.0,0.0,0.0,60.0,273.59321994523185,267.13842385549856,265.0271212536559,146.72126635222313,143.1074683585731,142.44300614631806
0.21822916666666667,97.29789309126895,102.95474734076133,-200.8183258569795,1.6,-0.8,-179.60512242138307,-190.91883092036784,369.10973977937783,9.0,-1.0,0.02,0.05,0.01,0.05,0.0,0.0,0.0,0.0,60.0,273.59321994523185,267.23210884921747,265.21064741069506,146.79036071895186,143.1824971845372,142.56668615072738
0.21875,130.10764773832474,66.7508801440101,-199.40411229460642,0.0,-1.6,-244.65894629054546,-121.62236636408618,366.2813126546316,-87.0,-1.0,0.02,0.05,0.01,0.05,0.0,0.0,0.0,0.0,60.0,273.6326232378004,267.2521047625257,265.39263365813304,146.79036071895186,143.1988390316067,142.56668615072738
0.21927083333333333,159.80613254815975,28.284271247461902,-189.50461735799476,0.0,-0.8,-298.3990616607231,-49.49747468305833,346.4823227814083,-176.0,-1.0,0.01,0.05,0.01,0.04,0.0,0.0,0.0,0.0,60.0,273.68069899063033,267.2601728653186,265.4502071952478,146.838252849862,143.20568249898466,142.683250593754
0.21979166666666666,183.84776310850236,-12.445079348883239,-172.5340546095176,0.8,-1.6,-340.82546853191593,25.455844122715714,315.36962440920024,-258.0,-1.0,0.0,0.04,0.0,0.04,0.0,0.0,0.0,0.0,60.0,273.68069899063033,267.255846521643,265.5025894412331,146.89336268191292,143.20568249898466,142.683250593754
0.2203125,197.9898987322333,-50.91168824543143,-149.9066376115481,0.8,-1.6,-369.10973977937783,97.58073580374356,271.5290039756343,-329.0,-1.0,0.0,0.04,0.0,0.04,0.0,0.0,0.0,0.0,60.0,273.56100782092466,267.22310435289836,265.5476652128578,146.77332863977708,143.20568249898466,142.683250593754
0.22083333333333333,206.4751801064719,-88.24692629208114,-119.92531008923847,0.8,-0.8,-383.2518754031088,166.87720036002523,216.37467504308356,-388.0,-1.0,0.0,0.04,0.0,0.04,0.0,0.0,0.0,0.0,60.0,273.4366928559516,267.1108150187858,265.65461599603344,146.64808215588775,143.16154336971925,142.74211011471002
0.22135416666666666,206.4751801064719,-123.3194226389339,-83.72144289248723,0.8,-0.8,-381.8376618407357,231.9310242291876,149.9066376115481,-432.0,-1.0,0.0,0.03,0.0,0.02,0.0,0.0,0.0,0.0,60.0,273.3748571101593,266.95540357894987,265.72836224234703,146.64808215588775,143.130945291366,142.76270521393184
0.221875,197.9898987322333,-151.32085117392117,-45.254833995939045,0.0,0.8,-363.45288552988546,284.2569260369921,79.19595949289332,-458.0,-1.0,0.0,0.04,0.0,0.02,0.0,0.0,0.0,0.0,60.0,273.3159801402033,266.765229181016,265.7668150842012,146.64808215588775,142.9887408154922,142.78455798860043
0.22239583333333332,181.01933598375618,-173.9482681718907,-7.919595949289333,0.8,-0.8,-333.75440072005046,326.683332908185,7.0710678118654755,-467.0,-1.0,0.0,0.04,0.0,0.03,0.0,0.0,0.0,0.0,60.0,273.20756761114797,266.54678294813465,265.7692843426418,146.59330646383552,142.88029955175767,142.78918026237142
0.22291666666666668,161.22034611053286,-193.74725804511402,30.547012947258857,0.8,-1.6,-292.7422074112307,359.21024484276614,-66.46803743153548,-461.0,-1.0,0.0,0.03,0.0,0.02,0.0,0.0,0.0,0.0,60.0,273.11238529220896,266.3669930753434,265.74670741139954,146.59330646383552,142.82014038643152,142.7652268586437
0.2234375,130.10764773832474,-202.2325394193526,67.88225099390857,0.0,-3.2,-240.41630560342617,377.5950211536164,-137.17871555019022,-437.0,-1.0,0.0,0.03,0.0,0.02,0.0,0.0,0.0,0.0,60.0,273.0733646842914,266.30421983138007,265.74670741139954,146.56178731170004,142.75732905879124,142.7310407724963
0.22395833333333334,96.16652224137047,-203.6467529817257,105.21748904055829,0.0,-1.6,-175.3624817342638,381.8376618407357,-205.0609665440988,-394.0,-1.0,0.0,0.03,0.0,0.02,0.0,0.0,0.0,0.0,60.0,273.0733646842914,266.43045527867116,265.7806896672518,146.60763111107144,142.8201403864315,142.7310407724963
0.22447916666666667,59.96265504461923,-197.9898987322333,139.15861453751256,0.0,0.8,-104.65180361560904,370.52395334175094,-265.8721497261419,-337.0,-1.0,0.0,0.03,0.0,0.02,0.0,0.0,0.0,0.0,60.0,273.09018656846683,266.73465279187104,265.9555883977624,146.66327931694423,142.9417451271671,142.8331544145126
0.225,20.36467529817257,-185.26197667087547,165.46298679765212,0.8,0.0,-33.941125496954285,349.3107499061545,-313.95541084682714,-271.0,-1.0,0.0,0.04,0.0,0.02,0.0,0.0,0.0,0.0,60.0,273.105634324889,267.245556558009,266.21337776302676,146.66327931694423,143.11151246493066,142.98469323672379
0.22552083333333334,-19.233304448274094,-168.29141392239833,185.26197667087547,0.8,-1.6,39.59797974644666,313.95541084682714,-352.13917703090067,-194.0,-1.0,0.0,0.04,0.0,0.02,0.0,0.0,0.0,0.0,60.0,273.07073259505495,267.801932405276,266.55967905893044,146.65346057969447,143.41514913006924,143.21006424130954
0.22604166666666667,-57.69991334482228,-141.4213562373095,199.40411229460642,0.0,0.0,111.72287142747452,265.8721497261419,-377.5950211536164,-109.0,-1.0,0.0,0.04,0.0,0.02,0.0,0.0,0.0,0.0,60.0,272.9774487022692,268.2700365303587,266.93081968929704,146.595625787402,143.65216670833755,143.39259046408222
0.2265625,-95.035151391472,-108.6116015902537,205.0609665440988,0.8,0.8,182.43354954612929,205.0609665440988,-386.080302527855,-17.0,-1.0,0.0,0.04,0.0,0.03,0.0,0.0,0.0,0.0,60.0,272.82686817833763,268.5960023902068,267.18451021719056,146.5017320716721,143.75682592489304,143.5801083019511
0.22708333333333333,-130.10764773832474,-71.27636354360399,202.2325394193526,1.6,0.8,246.07315985291856,134.35028842544403,-380.42344827836257,79.0,-2.0,0.0,0.04,0.0,0.03,0.0,0.0,0.0,0.0,60.0,272.62462746421136,268.7449999534875,267.37216571662805,146.37389623836623,143.82470232891148,143.7036794936024
0.22760416666666666,-161.22034611053286,-31.67838379715733,190.91883092036784,0.8,-0.8,298.3990616607231,60.81118318204309,-359.21024484276614,168.0,-1.0,0.0,0.04,0.0,0.04,0.0,0.0,0.0,0.0,60.0,272.3301075900349,268.80080915056783,267.4314164416739,146.32499786434306,143.85362352057732,143.7621647026783
0.228125,-181.01933598375618,6.788225099390856,172.5340546095176,0.0,-0.8,339.4112549695428,-14.142135623730951,-325.2691193458119,250.0,-1.0,0.0,0.04,0.0,0.04,0.0,0.0,0.0,0.0,60.0,271.93864197645763,268.7788356623341,267.4314164416739,146.1589631189275,143.8418054669782,143.7621647026783
0.22864583333333333,-193.74725804511402,45.254833995939045,149.9066376115481,0.0,0.8,367.6955262170047,-86.2670273047588,-281.4284989122459,320.0,-1.0,0.01,0.05,0.0,0.04,0.0,0.0,0.0,0.0,60.0,271.5143872799377,268.67382641411126,267.47780281735527,145.7993227007588,143.7571041722808,143.7621647026783
0.22916666666666666,-203.6467529817257,82.59007204258876,118.79393923933999,0.0,-1.6,380.42344827836257,-155.56349186104046,-224.85995641732214,379.0,-1.0,0.01,0.05,0.01,0.05,0.0,0.0,0.0,0.0,60.0,271.0749435119373,268.4889429753114,267.51483603718134,145.61208741035205,143.6736057875628,143.73280766756073
0.2296875,-205.0609665440988,117.66256838944152,80.3273303427918,0.8,-4.8,379.0092347159895,-223.44574285494903,-154.14927829866738,425.0,-1.0,0.01,0.05,0.0,0.05,0.0,0.0,0.0,0.0,60.0,270.69978758765217,268.3399196914242,267.46343207997614,145.5496221224913,143.55551191089805,143.69272772134295
0.23020833333333332,-193.74725804511402,151.32085117392117,40.72935059634514,0.0,-0.8,360.62445840513925,-281.4284989122459,-79.19595949289332,454.0,-1.0,0.02,0.05,0.0,0.05,0.0,0.0,0.0,0.0,60.0,270.3421443282567,268.2934494168652,267.4092135660251,145.49056670451182,143.6018715059104,143.68256679221736
0.23072916666666668,-178.19090885901,172.5340546095176,2.2627416997969525,0.8,-2.4,332.34018715767735,-323.85490578343877,-8.485281374238571,463.0,-1.0,0.02,0.05,0.0,0.05,0.0,0.0,0.0,0.0,60.0,270.1228887006801,268.23998117357525,267.40395472019486,145.32615903546065,143.54854579549038,143.68089643372915
0.23125,-159.80613254815975,189.50461735799476,-30.547012947258857,0.0,-0.8,295.57063453597686,-352.13917703090067,56.568542494923804,458.0,-1.0,0.02,0.06,0.01,0.06,0.0,0.0,0.0,0.0,60.0,270.0256932219599,268.06482424965793,267.3944885370677,145.32615903546065,143.4899735173158,143.66530548465764
0.23177083333333334,-131.23901858822322,197.9898987322333,-69.01362184380704,0.0,-1.6,244.65894629054546,-370.52395334175094,125.86500705120547,434.0,-1.0,0.02,0.06,0.01,0.05,0.0,0.0,0.0,0.0,60.0,270.0256932219599,267.94215793711896,267.35241255690966,145.29408969397207,143.36709001720027,143.64818133203082
0.23229166666666667,-92.77240969167504,200.8183258569795,-108.6116015902537,0.8,-0.0,171.11984104714452,-373.3523804664971,202.2325394193526,386.0,-1.0,0.02,0.06,0.01,0.06,0.0,0.0,0.0,0.0,60.0,269.94061847006276,268.0036147144288,267.48422850702804,145.2483820908171,143.36709001720027,143.70107863199914
0.2328125,-52.043059095329895,195.16147160748713,-144.2497833620557,0.8,-0.8,96.16652224137047,-363.45288552988546,265.8721497261419,325.0,-1.0,0.02,0.05,0.01,0.06,0.0,0.0,0.0,0.0,60.0,269.9247580345308,268.2413791718198,267.70085916933476,145.2355758758852,143.545498013696,143.78890777803412
0.23333333333333334,-14.70782104868019,183.84776310850236,-169.7056274847714,0.0,-0.8,29.698484809834998,-342.23968209428904,312.54119728445403,263.0,-1.0,0.02,0.05,0.0,0.06,0.0,0.0,0.0,0.0,60.0,269.9383031361055,268.68464321579677,268.00606336424556,145.2390185177523,143.76825101530588,143.8923208513922
0.23385416666666667,19.233304448274094,168.29141392239833,-188.09040379562165,-0.8,0.0,-35.35533905932738,-311.1269837220809,345.0681092190352,195.0,-1.0,0.02,0.05,0.02,0.05,0.0,0.0,0.0,0.0,60.0,269.91989552457966,269.18430024798994,268.3430640057611,145.23419879628904,144.07050357377113,144.00694427700353
0.234375,54.30580079512685,144.2497833620557,-200.8183258569795,0.0,-1.6,-101.82337649086286,-264.4579361637688,366.2813126546316,115.0,-1.0,0.01,0.06,0.01,0.05,0.0,0.0,0.0,0.0,60.0,269.8688338804613,269.5653909536608,268.70057685088807,145.20720539973215,144.29455984201206,144.2497833620557
0.23489583333333333,93.90378054157352,109.74297244015217,-206.4751801064719,0.8,-1.6,-173.9482681718907,-203.6467529817257,376.1808075912433,22.0,-1.0,0.02,0.06,0.0,0.05,0.0,0.0,0.0,0.0,60.0,269.7530120313766,269.8563275152169,269.0068540019009,145.13735735502422,144.45082208142674,144.49913494550754
0.23541666666666666,127.84490603852781,72.40773439350248,-203.6467529817257,0.0,-2.4,-239.0020920410531,-132.93607486307096,370.52395334175094,-75.0,-1.0,0.01,0.05,0.0,0.04,0.0,0.0,0.0,0.0,60.0,269.59448714689995,270.023031425099,269.18836341862925,145.0745067198231,144.53594708583745,144.683922741955
0.2359375,155.56349186104046,32.809754647055804,-190.91883092036784,0.0,-2.4,-291.3279938488576,-59.396969619669996,350.7249634685276,-163.0,-1.0,0.01,0.05,0.01,0.04,0.0,0.0,0.0,0.0,60.0,269.35269629242623,270.08540315981537,269.36000538313033,144.93032808905113,144.56583275449287,144.7420118693947
0.23645833333333333,178.19090885901,-5.656854249492381,-173.9482681718907,0.0,-1.6,-333.75440072005046,14.142135623730951,319.6122650963195,-246.0,-1.0,0.0,0.05,0.0,0.04,0.0,0.0,0.0,0.0,60.0,269.0758489719953,270.0594841882062,269.5162332773297,144.70936389881618,144.55255099789832,144.7948980454767
0.23697916666666666,195.16147160748713,-45.254833995939045,-151.32085117392117,0.0,-1.6,-363.45288552988546,87.6812408671319,275.77164466275354,-318.0,-1.0,0.0,0.04,0.0,0.04,0.0,0.0,0.0,0.0,60.0,268.83510280467465,269.95335245186345,269.65081587119295,144.5892457964976,144.4937368884894,144.840860947455
0.2375,205.0609665440988,-83.72144289248723,-121.05668093913694,0.8,0.0,-377.5950211536164,156.97770542341357,219.20310216782974,-378.0,-1.0,0.0,0.04,0.0,0.03,0.0,0.0,0.0,0.0,60.0,268.58483296716514,269.7677241628435,269.72219504519836,144.52633843005918,144.4095564704774,144.87026955176137
0.23802083333333332,203.6467529817257,-118.79393923933999,-83.72144289248723,0.8,0.8,-377.5950211536164,224.85995641732214,152.73506473629428,-425.0,-1.0,0.0,0.04,0.0,0.03,0.0,0.0,0.0,0.0,60.0,268.3973267378049,269.5805770080627,269.7717785462371,144.40087430483237,144.29095605754367,144.87026955176137
0.23854166666666668,195.16147160748713,-148.49242404917499,-46.38620484583752,0.0,0.8,-362.03867196751236,280.01428534987286,82.02438661763952,-453.0,-1.0,0.0,0.03,0.0,0.02,0.0,0.0,0.0,0.0,60.0,268.337590545939,269.4417840647586,269.7981884668613,144.2804993753487,144.19909847152306,144.8814515388357
0.2390625,178.19090885901,-172.5340546095176,-7.919595949289333,0.0,-1.6,-332.34018715767735,322.4406922210657,8.485281374238571,-463.0,-1.0,0.0,0.04,0.0,0.02,0.0,0.0,0.0,0.0,60.0,268.28273332437925,269.28203152085734,269.7994625643276,144.17042865997175,144.14599370083096,144.8814515388357
0.23958333333333334,156.97770542341357,-189.50461735799476,32.809754647055804,0.0,0.8,-291.3279938488576,356.38181771802,-65.05382386916237,-458.0,-1.0,0.0,0.04,0.0,0.02,0.0,0.0,0.0,0.0,60.0,268.23462211280633,269.16456397527514,269.78869045977444,144.02404313169382,143.96963221457503,144.89691163030358
0.24010416666666667,130.10764773832474,-202.2325394193526,70.14499269370552,0.0,-1.6,-240.41630560342617,376.1808075912433,-135.76450198781714,-436.0,-1.0,0.0,0.03,0.0,0.02,0.0,0.0,0.0,0.0,60.0,268.23462211280633,269.1026755719831,269.76633407450976,144.02404313169382,143.96963221457503,144.93058683383575
0.240625,96.16652224137047,-203.6467529817257,105.21748904055829,0.0,-1.6,-176.7766952966369,380.42344827836257,-205.0609665440988,-394.0,-1.0,0.0,0.04,0.0,0.02,0.0,0.0,0.0,0.0,60.0,268.2636296630611,269.04007601099136,269.76633407450976,144.02404313169382,143.96963221457503,144.93058683383572
0.24114583333333334,57.69991334482228,-197.9898987322333,139.15861453751256,0.0,-0.8,-106.06601717798213,371.93816690412405,-264.4579361637688,-338.0,-1.0,0.0,0.03,0.0,0.02,0.0,0.0,0.0,0.0,60.0,268.2809860948032,269.1010497935673,269.72289020400177,143.99515616853228,143.96963221457503,144.93058683383572
0.24166666666666667,21.496046148071045,-186.67619023324855,165.46298679765212,0.8,0.0,-35.35533905932738,349.3107499061545,-313.95541084682714,-273.0,-1.0,0.0,0.03,0.0,0.02,0.0,0.0,0.0,0.0,60.0,268.286693669291,269.1010497935673,269.72289020400177,144.00029513858644,144.02670759272394,144.93058683383572
0.2421875,-19.233304448274094,-168.29141392239833,185.26197667087547,0.0,-1.6,36.76955262170048,315.36962440920024,-352.13917703090067,-197.0,-1.0,0.0,0.03,0.0,0.02,0.0,0.0,0.0,0.0,60.0,268.27411354806486,269.1527215169856,269.72289020400177,144.00029513858644,144.02670759272394,144.93058683383575
0.24270833333333333,-57.69991334482228,-144.2497833620557,197.9898987322333,0.0,-2.4,108.89444430272833,268.70057685088807,-377.5950211536164,-113.0,-1.0,0.0,0.03,0.0,0.03,0.0,0.0,0.0,0.0,60.0,268.2377676614537,269.24048265444776,269.72289020400177,144.00029513858644,144.11433828734738,144.86998481397035
0.24322916666666666,-93.90378054157352,-113.13708498984761,203.6467529817257,0.0,-2.4,178.19090885901,207.88939366884497,-386.080302527855,-21.0,-1.0,0.0,0.04,0.0,0.03,0.0,0.0,0.0,0.0,60.0,268.14862949491277,269.3082573928991,269.72289020400177,143.97709887339724,144.2230997448051,144.80763101439095
0.24375,-126.71353518862932,-73.53910524340095,200.8183258569795,0.0,0.8,243.24473272817235,137.17871555019022,-379.0092347159895,74.0,-1.0,0.0,0.04,0.0,0.03,0.0,0.0,0.0,0.0,60.0,268.06797179073817,269.3528123112881,269.6606663938959,143.88246939776923,144.2585959310571,144.7461139374733
0.24427083333333333,-158.39191898578665,-35.07249634685276,189.50461735799476,0.8,-2.4,295.57063453597686,63.63961030678928,-359.21024484276614,164.0,-1.0,0.0,0.04,0.0,0.04,0.0,0.0,0.0,0.0,60.0,267.97003097361466,269.37323085265916,269.6606663938959,143.78426548131057,144.2831331098684,144.6880264569256
0.24479166666666666,-179.60512242138307,5.656854249492381,172.5340546095176,0.0,-0.8,337.9970414071697,-11.313708498984761,-325.2691193458119,247.0,-1.0,0.0,0.04,0.0,0.04,0.0,0.0,0.0,0.0,60.0,267.9141653589821,269.3690544587481,269.6606663938959,143.72883322423516,144.28160832205884,144.6880264569256
0.2453125,-195.16147160748713,44.12346314604057,149.9066376115481,0.0,-0.8,366.2813126546316,-84.8528137423857,-281.4284989122459,318.0,-1.0,0.0,0.05,0.0,0.04,0.0,0.0,0.0,0.0,60.0,267.8536214054236,269.35501666016916,269.6606663938959,143.7886122055568,144.27065709977202,144.6880264569256
0.24583333333333332,-205.0609665440988,82.59007204258876,119.92531008923847,0.8,-1.6,379.0092347159895,-155.56349186104046,-223.44574285494903,378.0,-1.0,0.01,0.05,0.0,0.04,0.0,0.0,0.0,0.0,60.0,267.79096325305676,269.35501666016916,269.6239279070016,143.85140770948334,144.27065709977202,144.7171897184298
0.24635416666666668,-203.6467529817257,121.05668093913694,81.45870119269028,1.6,-0.8,376.1808075912433,-224.85995641732214,-151.32085117392117,425.0,-1.0,0.02,0.05,0.01,0.05,0.0,0.0,0.0,0.0,60.0,267.6663034451666,269.39179182001817,269.57385351699077,143.7886122055568,144.3583821605105,144.73695105259057
0.246875,-190.91883092036784,154.14927829866738,38.46660889654819,0.8,0.8,357.7960312803931,-285.67113959936523,-72.12489168102785,454.0,-1.0,0.02,0.05,0.01,0.05,0.0,0.0,0.0,0.0,60.0,267.5476593057768,269.53130615941444,269.5118271987335,143.67033444660734,144.45186914678536,144.7176043195851
0.24739583333333334,-178.19090885901,173.9482681718907,0.0,0.8,-2.4,330.92597359530424,-325.2691193458119,-5.656854249492381,464.0,-1.0,0.02,0.05,0.0,0.06,0.0,0.0,0.0,0.0,60.0,267.492873736853,269.5845182869372,269.5095081810658,143.6703344466073,144.504861509916,144.71705151778073
0.24791666666666667,-161.22034611053286,188.09040379562165,-31.67838379715733,0.8,-4.0,299.8132752230962,-352.13917703090067,53.74011537017761,460.0,-1.0,0.02,0.06,0.01,0.06,0.0,0.0,0.0,0.0,60.0,267.64038372413086,269.5845182869372,269.49141915838436,143.71970115471296,144.44710969763292,144.72465235750266
0.2484375,-134.63313113791867,197.9898987322333,-66.7508801440101,0.8,-2.4,247.48737341529164,-369.10973977937783,121.62236636408618,434.0,-1.0,0.01,0.05,0.01,0.05,0.0,0.0,0.0,0.0,60.0,267.72163715321926,269.5238857689611,269.4305337188048,143.8177753269741,144.44710969763292,144.69148212662694
0.24895833333333334,-91.64103884177656,199.40411229460642,-107.48023074035522,0.8,0.0,168.29141392239833,-370.52395334175094,200.8183258569795,381.0,-1.0,0.02,0.06,0.01,0.06,0.0,0.0,0.0,0.0,60.0,267.6656029451674,269.4018838093008,269.3974758604839,143.79510596678873,144.385871885029,144.66507871632325
0.24947916666666667,-49.780317395532954,193.74725804511402,-144.2497833620557,0.0,0.0,91.92388155425118,-360.62445840513925,267.28636328851496,320.0,-1.0,0.02,0.06,0.01,0.05,0.0,0.0,0.0,0.0,60.0,267.61901557998453,269.28307596282394,269.4412041615016,143.77006816441315,144.32634028478657,144.66507871632325
0.25,-14.70782104868019,182.43354954612929,-169.7056274847714,0.8,-1.6,29.698484809834998,-342.23968209428904,312.54119728445403,263.0,-1.0,0.02,0.06,0.01,0.05,0.0,0.0,0.0,0.0,60.0,267.61901557998453,269.28307596282394,269.4412041615016,143.77006816441312,144.27024987848327,144.66507871632325
0.25052083333333336,16.970562748477143,166.87720036002523,-186.67619023324855,0.0,-1.6,-33.941125496954285,-311.1269837220809,343.65389565666214,196.0,-1.0,0.02,0.06,0.0,0.05,0.0,0.0,0.0,0.0,60.0,267.613293765463,269.28307596282394,269.3847156020549,143.76116478381775,144.21890479406645,144.6078230940498
0.25104166666666666,53.17442994522838,141.4213562373095,-197.9898987322333,0.0,-2.4,-101.82337649086286,-264.4579361637688,364.86709909225857,115.0,-1.0,0.01,0.05,0.01,0.06,0.0,0.0,0.0,0.0,60.0,267.613293765463,269.28307596282394,269.3247342892962,143.74794781143834,144.1313376750525,144.48589031459093
0.2515625,91.64103884177656,110.87434329005066,-205.0609665440988,0.0,-1.6,-172.5340546095176,-203.6467529817257,374.7665940288702,22.0,-1.0,0.02,0.05,0.01,0.05,0.0,0.0,0.0,0.0,60.0,267.5846828575956,269.28307596282394,269.2631148152305,143.70230513112864,144.15839378960908,144.42293792884843
0.2520833333333333,126.71353518862932,72.40773439350248,-202.2325394193526,0.0,-2.4,-239.0020920410531,-132.93607486307096,371.93816690412405,-74.0,-1.0,0.01,0.05,0.0,0.05,0.0,0.0,0.0,0.0,60.0,267.5846828575956,269.28307596282394,269.32403810280283,143.6709869806705,144.15839378960908,144.36082397936082
0.2526041666666667,155.56349186104046,36.20386719675124,-193.74725804511402,0.0,-0.8,-292.7422074112307,-60.81118318204309,352.13917703090067,-164.0,-1.0,0.01,0.04,0.0,0.04,0.0,0.0,0.0,0.0,60.0,267.63291090596465,269.2929399371621,269.381699452654,143.6709869806705,144.18378029445614,144.47853646822423
0.253125,178.19090885901,-4.525483399593905,-175.3624817342638,0.0,-0.8,-336.58282784479667,14.142135623730951,321.0264786586926,-247.0,-1.0,0.0,0.05,0.0,0.04,0.0,0.0,0.0,0.0,60.0,267.74358068868804,269.2929399371621,269.43424522506416,143.6709869806705,144.1825318823331,144.53195148478414
0.25364583333333335,195.16147160748713,-45.254833995939045,-151.32085117392117,0.8,-0.8,-366.2813126546316,87.6812408671319,277.18585822512665,-320.0,-1.0,0.0,0.04,0.0,0.03,0.0,0.0,0.0,0.0,60.0,267.86400467401364,269.2929399371621,269.47959106396166,143.6709869806705,144.1825318823331,144.53195148478414
0.25416666666666665,206.4751801064719,-82.59007204258876,-123.3194226389339,0.0,-0.0,-380.42344827836257,158.39191898578665,222.03152929257593,-381.0,-1.0,0.0,0.04,0.0,0.03,0.0,0.0,0.0,0.0,60.0,267.98903895495425,269.3188166467393,269.5519430462337,143.73426870443947,144.16213962063688,144.5917182967268
0.2546875,206.4751801064719,-118.79393923933999,-85.98418459228418,0.0,1.6,-380.42344827836257,224.85995641732214,154.14927829866738,-427.0,-1.0,0.0,0.04,0.0,0.03,0.0,0.0,0.0,0.0,60.0,268.1140149264861,269.3188166467393,269.5770993612032,143.86031419401255,144.16213962063688,144.63320849652754
0.2552083333333333,197.9898987322333,-148.49242404917499,-47.517575695736,0.0,1.6,-364.86709909225857,280.01428534987286,83.43860018001261,-455.0,-1.0,0.0,0.04,0.0,0.02,0.0,0.0,0.0,0.0,60.0,268.2338065941726,269.3188166467394,269.5906619302679,143.9810404185218,144.16213962063688,144.64468534999827
0.2557291666666667,179.60512242138307,-172.5340546095176,-10.182337649086286,0.0,-1.6,-335.16861428242356,323.85490578343877,11.313708498984761,-465.0,-1.0,0.0,0.04,0.0,0.02,0.0,0.0,0.0,0.0,60.0,268.34376273727696,269.37183872855013,269.5939075721111,144.03594169512,144.16213962063688,144.6491099177593
0.25625,159.80613254815975,-189.50461735799476,28.284271247461902,0.8,-1.6,-294.1564209736038,357.7960312803931,-62.22539674441619,-461.0,-1.0,0.0,0.03,0.0,0.02,0.0,0.0,0.0,0.0,60.0,268.44017024283085,269.43041773341037,269.5730420498311,144.1331068838801,144.16213962063688,144.61924145838967
0.25677083333333334,132.3703894381217,-200.8183258569795,67.88225099390857,1.6,0.0,-243.24473272817235,376.1808075912433,-132.93607486307096,-438.0,-1.0,0.0,0.03,0.0,0.02,0.0,0.0,0.0,0.0,60.0,268.51978511834096,269.43041773341037,269.52898730934305,144.19747743979437,144.10034698084527,144.58549373986315
0.25729166666666664,97.29789309126895,-203.6467529817257,104.08611819065979,0.8,-1.6,-179.60512242138307,380.42344827836257,-202.2325394193526,-396.0,-1.0,0.0,0.03,0.0,0.02,0.0,0.0,0.0,0.0,60.0,268.5784336092531,269.43041773341037,269.4621958642808,144.22119296414104,144.10034698084525,144.55990107910287
0.2578125,58.83128419472076,-197.9898987322333,136.89587283771561,0.0,-1.6,-108.89444430272833,370.52395334175094,-261.6295090390226,-339.0,-1.0,0.0,0.03,0.0,0.02,0.0,0.0,0.0,0.0,60.0,268.61380269822325,269.36951850571364,269.37589907042536,144.23547587192274,144.10034698084527,144.49237004077415
0.25833333333333336,21.496046148071045,-186.67619023324855,161.22034611053286,0.0,-2.4,-38.18376618407357,347.8965363437814,-311.1269837220809,-273.0,-1.0,0.0,0.03,0.0,0.03,0.0,0.0,0.0,0.0,60.0,268.62590158061823,269.3123186933713,269.2733276802587,144.23547587192274,144.10034698084527,144.34241407154033
0.25885416666666666,-19.233304448274094,-166.87720036002523,182.43354954612929,0.0,-3.2,36.76955262170048,312.54119728445403,-349.3107499061545,-196.0,-1.0,0.0,0.03,0.0,0.02,0.0,0.0,0.0,0.0,60.0,268.62590158061823,269.20925875608367,269.1581784007315,144.23547587192274,144.04894133592236,144.22979061206462
0.259375,-58.83128419472076,-141.4213562373095,197.9898987322333,0.8,-1.6,108.89444430272833,265.8721497261419,-374.7665940288702,-111.0,-1.0,0.0,0.03,0.0,0.02,0.0,0.0,0.0,0.0,60.0,268.62590158061823,269.1214874364364,269.03461673175076,144.24975736548055,143.9612708335127,144.22979061206462
0.2598958333333333,-93.90378054157352,-109.74297244015217,202.2325394193526,0.8,-0.8,178.19090885901,206.4751801064719,-383.2518754031088,-20.0,-1.0,0.0,0.04,0.0,0.03,0.0,0.0,0.0,0.0,60.0,268.62590158061823,269.08746254703135,268.90820924620357,144.24975736548055,143.87914199076945,144.16759344596136
0.2604166666666667,-128.97627688842627,-73.53910524340095,200.8183258569795,0.8,-0.8,243.24473272817235,135.76450198781714,-377.5950211536164,75.0,-1.0,0.0,0.04,0.0,0.03,0.0,0.0,0.0,0.0,60.0,268.62590158061823,269.065047897344,268.8460293550939,144.31241284103044,143.87914199076945,144.16759344596136
0.2609375,-158.39191898578665,-33.941125496954285,189.50461735799476,0.0,-1.6,296.98484809834997,62.22539674441619,-357.7960312803931,166.0,-1.0,0.0,0.04,0.0,0.04,0.0,0.0,0.0,0.0,60.0,268.67464059713564,269.0547109790126,268.7870904638093,144.31241284103044,143.87066240203387,144.16759344596136
0.26145833333333335,-179.60512242138307,5.656854249492381,172.5340546095176,0.0,-0.8,339.4112549695428,-14.142135623730951,-325.2691193458119,249.0,-1.0,0.0,0.05,0.0,0.04,0.0,0.0,0.0,0.0,60.0,268.7303481187043,269.0588922522354,268.7870904638093,144.3124128410304,143.87066240203387,144.16759344596136
0.26197916666666665,-196.57568516986024,44.12346314604057,149.9066376115481,0.0,-2.4,367.6955262170047,-86.2670273047588,-281.4284989122459,321.0,-1.0,0.0,0.05,0.0,0.04,0.0,0.0,0.0,0.0,60.0,268.7906945933955,269.0729454999146,268.7870904638093,144.3723830931664,143.87066240203384,144.16759344596136
0.2625,-202.2325394193526,84.8528137423857,118.79393923933999,0.8,0.8,381.8376618407357,-156.97770542341357,-223.44574285494903,380.0,-1.0,0.01,0.05,0.0,0.05,0.0,0.0,0.0,0.0,60.0,268.915762832899,269.09861110752695,268.7870904638093,144.24765162733152,143.9118045887828,144.1383189856188
0.2630208333333333,-203.6467529817257,121.05668093913694,78.06458864299485,1.6,-3.2,377.5950211536164,-229.1025971044414,-148.49242404917499,428.0,-1.0,0.02,0.05,0.0,0.05,0.0,0.0,0.0,0.0,60.0,268.97769424247804,269.2104195606106,268.73779042032777,144.24765162733152,143.9118045887828,144.07961340869844
0.2635416666666667,-190.91883092036784,155.56349186104046,35.07249634685276,0.8,-0.8,357.7960312803931,-289.9137802864845,-67.88225099390857,457.0,-1.0,0.02,0.05,0.01,0.05,0.0,0.0,0.0,0.0,60.0,268.97769424247804,269.3521161973672,268.7032517480948,144.24765162733152,143.9593519018476,144.05254249752065
0.2640625,-175.3624817342638,175.3624817342638,0.0,0.0,0.0,332.34018715767735,-326.683332908185,-4.242640687119286,466.0,-1.0,0.02,0.05,0.01,0.05,0.0,0.0,0.0,0.0,60.0,269.032177443517,269.4055957102599,268.7024376517638,144.13929027159804,144.0129594862907,144.05254249752065
0.26458333333333334,-161.22034611053286,189.50461735799476,-29.41564209736038,0.0,-1.6,301.2274887854693,-352.13917703090067,50.91168824543143,462.0,-1.0,0.02,0.06,0.01,0.05,0.0,0.0,0.0,0.0,60.0,269.0815396863932,269.4055957102599,268.6852247519391,144.13929027159804,144.0708853307982,144.0375471882245
0.26510416666666664,-136.89587283771561,196.57568516986024,-62.22539674441619,0.0,-1.6,248.90158697766475,-369.10973977937783,120.20815280171308,436.0,-1.0,0.02,0.06,0.01,0.05,0.0,0.0,0.0,0.0,60.0,269.1223002651397,269.4055957102599,268.66533550125143,144.20587713404748,144.01035553042706,143.97421644169486
0.265625,-91.64103884177656,199.40411229460642,-107.48023074035522,0.0,0.0,168.29141392239833,-369.10973977937783,200.8183258569795,381.0,-1.0,0.02,0.05,0.01,0.06,0.0,0.0,0.0,0.0,60.0,269.1223002651397,269.344922914838,268.66533550125143,144.20587713404748,144.01035553042706,143.97421644169486
0.26614583333333336,-49.780317395532954,193.74725804511402,-145.6639969244288,0.0,-1.6,90.50966799187809,-359.21024484276614,268.70057685088807,319.0,-1.0,0.02,0.06,0.01,0.06,0.0,0.0,0.0,0.0,60.0,269.10732059905024,269.28586112159695,268.7094155402821,144.20587713404748,144.01035553042706,144.01870538232177
0.26666666666666666,-15.839191898578665,183.84776310850236,-171.11984104714452,0.0,-1.6,29.698484809834998,-342.23968209428904,312.54119728445403,263.0,-1.0,0.02,0.06,0.01,0.06,0.0,0.0,0.0,0.0,60.0,269.10732059905024,269.28586112159695,268.7094155402821,144.2096217317,144.06654712319582,144.07098944617545
0.2671875,16.970562748477143,169.7056274847714,-186.67619023324855,0.8,0.0,-32.526911934581186,-312.54119728445403,343.65389565666214,198.0,-1.0,0.02,0.06,0.01,0.05,0.0,0.0,0.0,0.0,60.0,269.101862684003,269.3370332872923,268.7094155402821,144.2096217317,144.16976104578936,144.07098944617545
0.2677083333333333,53.17442994522838,142.83556979968262,-197.9898987322333,0.0,-1.6,-100.40916292848975,-264.4579361637688,364.86709909225857,116.0,-1.0,0.02,0.05,0.01,0.05,0.0,0.0,0.0,0.0,60.0,269.0852560063446,269.33703328729234,268.7094155402821,144.2096217317,144.2133228935524,144.07098944617547
0.2682291666666667,90.50966799187809,109.74297244015217,-205.0609665440988,0.0,-3.2,-172.5340546095176,-203.6467529817257,376.1808075912433,22.0,-1.0,0.01,0.05,0.0,0.05,0.0,0.0,0.0,0.0,60.0,269.0852560063446,269.33703328729234,268.7711619575285,144.18729139560116,144.18627708627477,144.07098944617545
0.26875,127.84490603852781,73.53910524340095,-202.2325394193526,0.8,-0.8,-240.41630560342617,-134.35028842544403,373.3523804664971,-74.0,-1.0,0.01,0.05,0.0,0.05,0.0,0.0,0.0,0.0,60.0,269.124622619336,269.3589612394583,268.8324292193931,144.21849742664773,144.2041694958922,144.07098944617547
0.26927083333333335,156.97770542341357,35.07249634685276,-193.74725804511402,0.0,-0.8,-292.7422074112307,-60.81118318204309,353.5533905932738,-164.0,-1.0,0.01,0.05,0.0,0.04,0.0,0.0,0.0,0.0,60.0,269.124622619336,269.3589612394583,268.8904284276404,144.26637688664673,144.1954316197292,144.07098944617545
0.26979166666666665,181.01933598375618,-5.656854249492381,-176.7766952966369,0.0,-0.8,-336.58282784479667,14.142135623730951,322.4406922210657,-247.0,-1.0,0.01,0.04,0.0,0.04,0.0,0.0,0.0,0.0,60.0,269.124622619336,269.3589612394583,268.94330257509665,144.37637445233204,144.19667992017014,144.124989158716
0.2703125,196.57568516986024,-46.38620484583752,-152.73506473629428,0.0,-1.6,-367.6955262170047,87.6812408671319,280.01428534987286,-321.0,-1.0,0.0,0.04,0.0,0.04,0.0,0.0,0.0,0.0,60.0,269.18488070469334,269.3589612394583,269.03484904376234,144.43631814747977,144.20791413788635,144.17159914490787
0.2708333333333333,206.4751801064719,-82.59007204258876,-124.45079348883237,0.0,-0.8,-381.8376618407357,156.97770542341357,223.44574285494903,-381.0,-1.0,0.0,0.04,0.0,0.03,0.0,0.0,0.0,0.0,60.0,269.2474465988489,269.33308838685235,269.0714356820508,144.4363181474798,144.20791413788635,144.2019764080923
0.2713541666666667,205.0609665440988,-119.92531008923847,-88.24692629208114,1.6,-2.4,-381.8376618407357,224.85995641732214,156.97770542341357,-428.0,-1.0,0.0,0.04,0.0,0.02,0.0,0.0,0.0,0.0,60.0,269.30999795774386,269.33308838685235,269.12253250146114,144.3733441463486,144.23717447315724,144.2446879437853
0.271875,197.9898987322333,-149.9066376115481,-48.64894654563447,0.8,-0.8,-366.2813126546316,278.60007178749976,86.2670273047588,-456.0,-1.0,0.0,0.04,0.0,0.02,0.0,0.0,0.0,0.0,60.0,269.36998255187973,269.28725369018116,269.1503994052396,144.3733441463486,144.28288186753133,144.25647299168244
0.27239583333333334,183.84776310850236,-172.5340546095176,-10.182337649086286,0.8,-0.0,-336.58282784479667,322.4406922210657,12.727922061357857,-466.0,-1.0,0.0,0.03,0.0,0.02,0.0,0.0,0.0,0.0,60.0,269.4250823512911,269.2342149504776,269.15237320150084,144.5401328351403,144.28288186753133,144.25647299168244
0.27291666666666664,161.22034611053286,-189.50461735799476,28.284271247461902,1.6,-0.8,-296.98484809834997,356.38181771802,-60.81118318204309,-462.0,-1.0,0.0,0.03,0.0,0.02,0.0,0.0,0.0,0.0,60.0,269.5220306394266,269.17559324723334,269.1422718563548,144.58920257059307,144.28288186753133,144.25647299168244
0.2734375,132.3703894381217,-200.8183258569795,65.61950929411161,0.8,-1.6,-244.65894629054546,376.1808075912433,-131.52186130069785,-439.0,-1.0,0.0,0.03,0.0,0.02,0.0,0.0,0.0,0.0,60.0,269.5620290396999,269.17559324723334,269.1205584863408,144.58920257059307,144.28288186753133,144.22374977790588
0.27395833333333336,98.42926394116742,-203.6467529817257,102.95474734076133,0.0,-1.6,-179.60512242138307,380.42344827836257,-200.8183258569795,-397.0,-1.0,0.0,0.03,0.0,0.02,0.0,0.0,0.0,0.0,60.0,269.5620290396999,269.17559324723334,269.08746254703135,144.61313045501782,144.28288186753133,144.19837030979235
0.27447916666666666,61.09402589451771,-199.40411229460642,138.0272436876141,0.0,0.0,-110.30865786510142,370.52395334175094,-260.2152954766495,-340.0,-1.0,0.0,0.03,0.0,0.02,0.0,0.0,0.0,0.0,60.0,269.57999740336817,269.17559324723334,269.0446059671147,144.64244708936585,144.34373037995104,144.2320699428529
0.275,21.496046148071045,-186.67619023324855,162.63455967290594,0.0,-1.6,-39.59797974644666,349.3107499061545,-309.7127701597078,-275.0,-1.0,0.0,0.03,0.0,0.02,0.0,0.0,0.0,0.0,60.0,269.58637298646977,269.23282210755804,268.9936105189118,144.64244708936585,144.34373037995104,144.28167763094524
0.2755208333333333,-16.970562748477143,-168.29141392239833,183.84776310850236,0.0,-0.8,35.35533905932738,313.95541084682714,-347.8965363437814,-198.0,-1.0,0.0,0.03,0.0,0.03,0.0,0.0,0.0,0.0,60.0,269.58046108722345,269.2842364491468,268.93633075506926,144.63359741083673,144.39503107794258,144.3377635963645
0.2760416666666667,-56.568542494923804,-141.4213562373095,200.8183258569795,0.0,1.6,107.48023074035522,267.28636328851496,-373.3523804664971,-113.0,-1.0,0.0,0.04,0.0,0.03,0.0,0.0,0.0,0.0,60.0,269.56272461154566,269.3279831358041,268.87485471869627,144.60538544604762,144.39503107794258,144.45982140373843
0.2765625,-91.64103884177656,-112.00571413994913,205.0609665440988,0.0,0.8,176.7766952966369,206.4751801064719,-383.2518754031088,-21.0,-1.0,0.0,0.04,0.0,0.03,0.0,0.0,0.0,0.0,60.0,269.53362498953635,269.3279831358041,268.8748547186962,144.560013489208,144.44931637082954,144.5843698329802
0.27708333333333335,-127.84490603852781,-73.53910524340095,200.8183258569795,0.8,0.0,241.83051916579927,135.76450198781714,-377.5950211536164,74.0,-1.0,0.0,0.04,0.0,0.03,0.0,0.0,0.0,0.0,60.0,269.49385428985204,269.3279831358041,268.8748547186962,144.52860443524665,144.44931637082954,144.58436983298023
0.27760416666666665,-156.97770542341357,-32.809754647055804,189.50461735799476,0.0,-0.8,295.57063453597686,62.22539674441619,-357.7960312803931,164.0,-1.0,0.0,0.04,0.0,0.03,0.0,0.0,0.0,0.0,60.0,269.4452634580909,269.3279831358041,268.8748547186962,144.48037929075352,144.44114718458866,144.58436983298023
0.278125,-181.01933598375618,4.525483399593905,173.9482681718907,0.0,-1.6,337.9970414071697,-12.727922061357857,-325.2691193458119,248.0,-1.0,0.0,0.05,0.0,0.04,0.0,0.0,0.0,0.0,60.0,269.38970377503296,269.325778565662,268.8748547186962,144.5355233152044,144.43990099691982,144.63731365038552
0.2786458333333333,-195.16147160748713,45.254833995939045,149.9066376115481,0.0,0.0,367.6955262170047,-84.8528137423857,-281.4284989122459,319.0,-1.0,0.01,0.05,0.0,0.04,0.0,0.0,0.0,0.0,60.0,269.38970377503296,269.3117385113393,268.8748547186962,144.47562078080853,144.45083938835387,144.63731365038552
0.2791666666666667,-203.6467529817257,83.72144289248723,119.92531008923847,0.0,0.0,380.42344827836257,-156.97770542341357,-223.44574285494903,380.0,-1.0,0.01,0.05,0.0,0.05,0.0,0.0,0.0,0.0,60.0,269.3271709278512,269.3117385113393,268.8748547186962,144.5376853972693,144.4302080591176,144.66648713506524
0.2796875,-205.0609665440988,122.18805178903543,79.19595949289332,0.0,-2.4,377.5950211536164,-227.68838354206832,-148.49242404917499,427.0,-1.0,0.01,0.05,0.0,0.05,0.0,0.0,0.0,0.0,60.0,269.3271709278512,269.27425610332676,268.8748547186962,144.60015560157603,144.45997715630446,144.68570247263548
0.28020833333333334,-190.91883092036784,155.56349186104046,33.941125496954285,0.0,-0.8,356.38181771802,-289.9137802864845,-66.46803743153548,456.0,-1.0,0.02,0.05,0.01,0.05,0.0,0.0,0.0,0.0,60.0,269.2685694617922,269.27425610332676,268.86381310990885,144.60015560157603,144.45997715630446,144.67727015671812
0.28072916666666664,-178.19090885901,176.7766952966369,0.0,0.0,-0.8,332.34018715767735,-328.0975464705581,-4.242640687119286,466.0,-1.0,0.02,0.05,0.01,0.05,0.0,0.0,0.0,0.0,60.0,269.2685694617922,269.3279831358041,268.86381310990885,144.7081718494156,144.51383151795542,144.67727015671812
0.28125,-162.63455967290594,188.09040379562165,-28.284271247461902,0.8,-2.4,302.64170234784234,-352.13917703090067,49.49747468305833,462.0,-1.0,0.02,0.06,0.01,0.05,0.0,0.0,0.0,0.0,60.0,269.3181204449489,269.3279831358042,268.85556066408594,144.75761637993352,144.45608329177418,144.67021981043646
0.28177083333333336,-135.76450198781714,197.9898987322333,-64.48813844421313,0.0,-1.6,248.90158697766475,-367.6955262170047,118.79393923933999,435.0,-1.0,0.03,0.06,0.01,0.06,0.0,0.0,0.0,0.0,60.0,269.3181204449489,269.2675249635574,268.8359164992654,144.7243155105596,144.5164264019838,144.70118347822867
0.28229166666666666,-93.90378054157352,197.9898987322333,-107.48023074035522,0.8,-2.4,168.29141392239833,-369.10973977937783,199.40411229460642,381.0,-1.0,0.02,0.05,0.01,0.06,0.0,0.0,0.0,0.0,60.0,269.3181204449489,269.2675249635574,268.8030180262119,144.7696359738464,144.45565063368065,144.70118347822867
0.2828125,-50.91168824543143,195.16147160748713,-147.0782104868019,0.8,-2.4,91.92388155425118,-362.03867196751236,268.70057685088807,322.0,-1.0,0.02,0.06,0.01,0.06,0.0,0.0,0.0,0.0,60.0,269.3330883868523,269.3858756505248,268.8030180262119,144.78193084774082,144.51512896579376,144.74588077040397
0.2833333333333333,-18.10193359837562,186.67619023324855,-169.7056274847714,0.0,-0.8,32.526911934581186,-345.0681092190352,312.54119728445403,267.0,-1.0,0.02,0.06,0.01,0.05,0.0,0.0,0.0,0.0,60.0,269.34329859864715,269.4986085307307,268.8030180262119,144.79021893760643,144.62839451504672,144.69384057381296
0.2838541666666667,15.839191898578665,168.29141392239833,-186.67619023324855,0.8,-1.6,-31.112698372208094,-313.95541084682714,345.0681092190352,199.0,-1.0,0.02,0.06,0.01,0.05,0.0,0.0,0.0,0.0,60.0,269.3380775159725,269.54997217584724,268.85962880283836,144.78621308674389,144.57674432632658,144.69384057381296
0.284375,54.30580079512685,142.83556979968262,-199.40411229460642,0.8,-1.6,-101.82337649086286,-267.28636328851496,367.6955262170047,117.0,-1.0,0.01,0.05,0.0,0.05,0.0,0.0,0.0,0.0,60.0,269.354668606282,269.6371404313582,268.9800178451924,144.79933528852956,144.57674432632655,144.75451633714232
0.28489583333333335,92.77240969167504,110.87434329005066,-205.0609665440988,0.8,-0.8,-172.5340546095176,-205.0609665440988,377.5950211536164,23.0,-1.0,0.02,0.05,0.01,0.05,0.0,0.0,0.0,0.0,60.0,269.354668606282,269.67063243890686,269.04193446375604,144.84407996186798,144.6037171029846,144.75451633714232
0.28541666666666665,128.97627688842627,73.53910524340095,-203.6467529817257,0.8,-0.8,-239.0020920410531,-135.76450198781714,373.3523804664971,-72.0,-1.0,0.01,0.05,0.0,0.05,0.0,0.0,0.0,0.0,60.0,269.3153356197898,269.6927650123377,269.0419344637561,144.87542062061462,144.6037171029846,144.81646142617902
0.2859375,156.97770542341357,35.07249634685276,-192.33304448274095,0.0,0.0,-292.7422074112307,-63.63961030678928,354.9676041556469,-161.0,-1.0,0.01,0.05,0.0,0.04,0.0,0.0,0.0,0.0,60.0,269.3153356197898,269.71315781770824,269.10012077291975,144.87542062061462,144.6037171029846,144.75753866379466
0.2864583333333333,179.60512242138307,-3.394112549695428,-176.7766952966369,0.0,-0.0,-335.16861428242356,11.313708498984761,323.85490578343877,-245.0,-1.0,0.0,0.04,0.0,0.04,0.0,0.0,0.0,0.0,60.0,269.2602133624647,269.7089866875036,269.1531859369307,144.82040602069864,144.6015041415545,144.75753866379466
0.2869791666666667,196.57568516986024,-41.860721446243616,-154.14927829866738,0.0,0.8,-366.2813126546316,84.8528137423857,281.4284989122459,-318.0,-1.0,0.0,0.04,0.0,0.04,0.0,0.0,0.0,0.0,60.0,269.1999721396717,269.6807139934185,269.1992756305262,144.82040602069864,144.55834462250874,144.80437666037585
0.2875,206.4751801064719,-80.3273303427918,-124.45079348883237,0.0,0.8,-381.8376618407357,155.56349186104046,224.85995641732214,-379.0,-1.0,0.0,0.04,0.0,0.03,0.0,0.0,0.0,0.0,60.0,269.1999721396717,269.655103790008,269.2360720631617,144.8204060206986,144.5184936262484,144.80437666037585
0.28802083333333334,206.4751801064719,-117.66256838944152,-87.11555544218267,0.0,0.8,-381.8376618407357,222.03152929257593,158.39191898578665,-426.0,-1.0,0.0,0.04,0.0,0.03,0.0,0.0,0.0,0.0,60.0,269.1999721396717,269.581852134004,269.26195423787595,144.88318570489815,144.4603578840922,144.78296688492054
0.28854166666666664,197.9898987322333,-147.0782104868019,-48.64894654563447,0.0,1.6,-366.2813126546316,277.18585822512665,87.6812408671319,-455.0,-1.0,0.0,0.03,0.0,0.03,0.0,0.0,0.0,0.0,60.0,269.1999721396717,269.53629161951454,269.27622899171774,144.88318570489815,144.36947392021622,144.78296688492054
0.2890625,183.84776310850236,-172.5340546095176,-10.182337649086286,0.8,0.8,-336.58282784479667,321.0264786586926,15.556349186104047,-465.0,-1.0,0.0,0.03,0.0,0.03,0.0,0.0,0.0,0.0,60.0,269.1999721396717,269.4835338197865,269.2808710250321,144.88318570489815,144.36947392021622,144.78296688492054
0.28958333333333336,161.22034611053286,-189.50461735799476,28.284271247461902,0.0,0.0,-296.98484809834997,354.9676041556469,-57.9827560572969,-461.0,-1.0,0.0,0.03,0.0,0.02,0.0,0.0,0.0,0.0,60.0,269.1999721396717,269.4251983389824,269.2613739473228,144.88318570489815,144.36947392021625,144.78296688492054
0.29010416666666666,131.23901858822322,-200.8183258569795,65.61950929411161,0.0,-2.4,-246.07315985291856,376.1808075912433,-130.10764773832474,-439.0,-1.0,0.0,0.03,0.0,0.02,0.0,0.0,0.0,0.0,60.0,269.24025051986564,269.4251983389824,269.2399023176171,144.85101829120845,144.36947392021625,144.78296688492054
0.290625,98.42926394116742,-203.6467529817257,102.95474734076133,0.8,-1.6,-181.01933598375618,380.42344827836257,-197.9898987322333,-397.0,-1.0,0.0,0.03,0.0,0.02,0.0,0.0,0.0,0.0,60.0,269.26984606524366,269.4251983389824,269.1744322925192,144.85101829120845,144.36947392021625,144.78296688492057
0.2911458333333333,61.09402589451771,-197.9898987322333,135.76450198781714,0.0,-0.8,-111.72287142747452,370.52395334175094,-258.80108191427644,-341.0,-1.0,0.0,0.03,0.0,0.03,0.0,0.0,0.0,0.0,60.0,269.28806601852966,269.4251983389824,269.131821789992,144.85101829120845,144.30863626269914,144.71609274714407
0.2916666666666667,21.496046148071045,-186.67619023324855,161.22034611053286,0.0,-2.4,-41.01219330881976,349.3107499061545,-308.29855659733477,-276.0,-1.0,0.0,0.03,0.0,0.02,0.0,0.0,0.0,0.0,60.0,269.29468060101004,269.4251983389824,269.0810751427904,144.85101829120842,144.3086362626991,144.6666340245739
0.2921875,-15.839191898578665,-169.7056274847714,183.84776310850236,0.0,-0.8,32.526911934581186,315.36962440920024,-347.8965363437814,-199.0,-1.0,0.0,0.04,0.0,0.02,0.0,0.0,0.0,0.0,60.0,269.2835401579532,269.47680790747097,269.0810751427904,144.84701412179678,144.36038237688345,144.6666340245739
0.29270833333333335,-55.43717164502533,-142.83556979968262,196.57568516986024,0.0,-0.8,106.06601717798213,267.28636328851496,-373.3523804664971,-115.0,-1.0,0.0,0.03,0.0,0.03,0.0,0.0,0.0,0.0,60.0,269.26601623673196,269.47680790747097,269.0810751427904,144.83334388185614,144.40388672054505,144.4844195752608
0.29322916666666665,-92.77240969167504,-109.74297244015217,203.6467529817257,0.8,0.8,175.3624817342638,207.88939366884497,-383.2518754031088,-23.0,-1.0,0.0,0.04,0.0,0.03,0.0,0.0,0.0,0.0,60.0,269.2371166834172,269.5107836432524,269.0810751427904,144.8558507620593,144.34958434301083,144.42189930893446
0.29375,-127.84490603852781,-74.67047609329941,200.8183258569795,0.8,-0.8,240.41630560342617,137.17871555019022,-377.5950211536164,73.0,-1.0,0.0,0.04,0.0,0.03,0.0,0.0,0.0,0.0,60.0,269.19753434977815,269.5331612251079,269.0810751427904,144.8558507620593,144.36773358337382,144.42189930893443
0.2942708333333333,-156.97770542341357,-35.07249634685276,189.50461735799476,0.8,-1.6,294.1564209736038,63.63961030678928,-357.7960312803931,163.0,-1.0,0.0,0.04,0.0,0.04,0.0,0.0,0.0,0.0,60.0,269.1491222352397,269.5434797950045,269.0810751427904,144.8558507620593,144.38435683965213,144.42189930893446
0.2947916666666667,-179.60512242138307,6.788225099390856,172.5340546095176,0.8,-0.8,337.9970414071697,-11.313708498984761,-325.2691193458119,246.0,-1.0,0.0,0.04,0.0,0.04,0.0,0.0,0.0,0.0,60.0,269.1491222352397,269.54150886273527,269.0810751427904,144.80082872691025,144.38712719629822,144.36887649351573
0.2953125,-195.16147160748713,45.254833995939045,149.9066376115481,0.0,0.0,366.2813126546316,-83.43860018001261,-282.842712474619,318.0,-1.0,0.0,0.05,0.0,0.04,0.0,0.0,0.0,0.0,60.0,269.0888561423531,269.5277119333001,269.1274094179186,144.80082872691025,144.38712719629822,144.36887649351573
0.29583333333333334,-203.6467529817257,81.45870119269028,121.05668093913694,0.0,-0.8,380.42344827836257,-155.56349186104046,-224.85995641732214,378.0,-1.0,0.01,0.05,0.0,0.04,0.0,0.0,0.0,0.0,60.0,269.0888561423531,269.5020871904335,269.1642156751153,144.80082872691025,144.3466747105731,144.39838122361343
0.29635416666666664,-203.6467529817257,119.92531008923847,81.45870119269028,0.8,-1.6,377.5950211536164,-226.27416997969522,-149.9066376115481,427.0,-1.0,0.02,0.05,0.0,0.05,0.0,0.0,0.0,0.0,60.0,269.0888561423531,269.46486320112314,269.1887116875446,144.73844513466352,144.2873608463333,144.43771148837826
0.296875,-192.33304448274095,155.56349186104046,36.20386719675124,0.0,0.0,357.7960312803931,-288.4995667241114,-69.29646455628166,456.0,-1.0,0.02,0.05,0.0,0.05,0.0,0.0,0.0,0.0,60.0,269.14749673738373,269.4174270532625,269.2109999609971,144.7969440285257,144.2873608463333,144.45488049906794
0.29739583333333336,-178.19090885901,175.3624817342638,0.0,0.8,-2.4,332.34018715767735,-326.683332908185,-5.656854249492381,466.0,-1.0,0.02,0.06,0.0,0.06,0.0,0.0,0.0,0.0,60.0,269.14749673738373,269.36371786118485,269.2118125194361,144.7969440285257,144.23342192432375,144.45488049906794
0.29791666666666666,-162.63455967290594,189.50461735799476,-28.284271247461902,0.0,-1.6,302.64170234784234,-352.13917703090067,50.91168824543143,463.0,-1.0,0.02,0.06,0.01,0.06,0.0,0.0,0.0,0.0,60.0,269.14749673738373,269.36371786118485,269.2200540450135,144.7969440285257,144.29125926403165,144.45488049906794
0.2984375,-135.76450198781714,196.57568516986024,-62.22539674441619,0.0,-0.8,250.31580054003783,-369.10973977937783,118.79393923933999,437.0,-1.0,0.02,0.05,0.0,0.05,0.0,0.0,0.0,0.0,60.0,269.18847950831776,269.42415444796336,269.2200540450135,144.7969440285257,144.23082194870832,144.42386402530573
0.2989583333333333,-96.16652224137047,199.40411229460642,-107.48023074035522,0.0,-3.2,169.7056274847714,-370.52395334175094,199.40411229460642,383.0,-1.0,0.02,0.06,0.01,0.07,0.0,0.0,0.0,0.0,60.0,269.21622350816824,269.48480940490873,269.2200540450135,144.8433464125985,144.2916924150521,144.42386402530573
0.2994791666666667,-49.780317395532954,195.16147160748713,-145.6639969244288,0.0,-0.8,94.75230867899738,-362.03867196751236,267.28636328851496,324.0,-1.0,0.02,0.06,0.01,0.06,0.0,0.0,0.0,0.0,60.0,269.2468662770284,269.48480940490873,269.17605762771694,144.83105675234162,144.2916924150521,144.37906704228283
0.3,-16.970562748477143,186.67619023324855,-168.29141392239833,0.0,0.8,35.35533905932738,-346.4823227814083,311.1269837220809,269.0,-1.0,0.02,0.05,0.0,0.06,0.0,0.0,0.0,0.0,60.0,269.25800823745243,269.54150886273527,269.1248548536534,144.82677583927637,144.2916924150521,144.32732762716836
0.30052083333333335,15.839191898578665,169.7056274847714,-186.67619023324855,0.0,-0.8,-29.698484809834998,-315.36962440920024,345.0681092190352,202.0,-1.0,0.02,0.06,0.0,0.05,0.0,0.0,0.0,0.0,60.0,269.253017624687,269.59309616531357,269.1248548536534,144.82677583927637,144.34344460348728,144.32732762716836
0.30104166666666665,54.30580079512685,144.2497833620557,-199.40411229460642,0.0,-0.8,-100.40916292848975,-267.28636328851496,367.6955262170047,118.0,-1.0,0.02,0.05,0.01,0.05,0.0,0.0,0.0,0.0,60.0,269.23642027036385,269.59309616531357,269.1248548536534,144.82677583927637,144.38738691450857,144.32732762716836
0.3015625,91.64103884177656,110.87434329005066,-206.4751801064719,0.0,-3.2,-172.5340546095176,-206.4751801064719,377.5950211536164,24.0,-1.0,0.01,0.05,0.0,0.05,0.0,0.0,0.0,0.0,60.0,269.23642027036385,269.62682544583726,269.1248548536534,144.80426443996737,144.38738691450857,144.39032169782018
0.3020833333333333,126.71353518862932,74.67047609329941,-203.6467529817257,0.8,-1.6,-237.58787847867998,-137.17871555019022,374.7665940288702,-71.0,-1.0,0.01,0.05,0.0,0.05,0.0,0.0,0.0,0.0,60.0,269.1973021781608,269.64919339764396,269.1862737956748,144.74182187605626,144.405531403752,144.39032169782018
0.3026041666666667,155.56349186104046,38.46660889654819,-190.91883092036784,1.6,2.4,-291.3279938488576,-65.05382386916237,356.38181771802,-159.0,-1.0,0.0,0.05,0.0,0.04,0.0,0.0,0.0,0.0,60.0,269.14935444841774,269.6597393012164,269.24466104270294,144.6940997414891,144.4325361544275,144.3316579964354
0.303125,179.60512242138307,-2.2627416997969525,-176.7766952966369,0.8,0.8,-333.75440072005046,8.485281374238571,325.2691193458119,-242.0,-1.0,0.01,0.04,0.0,0.04,0.0,0.0,0.0,0.0,60.0,269.0944304514681,269.6564944517376,269.2979298100897,144.6940997414891,144.43184378799575,144.3316579964354
0.30364583333333334,195.16147160748713,-42.99209229614209,-155.56349186104046,0.8,-1.6,-364.86709909225857,82.02438661763952,282.842712474619,-316.0,-1.0,0.0,0.04,0.0,0.03,0.0,0.0,0.0,0.0,60.0,269.03438441953847,269.6291434544864,269.3442267805271,144.63426288400683,144.4422289360006,144.37906704228283
0.30416666666666664,206.4751801064719,-80.3273303427918,-125.58216433873085,0.0,-0.0,-381.8376618407357,154.14927829866738,226.27416997969522,-378.0,-1.0,0.0,0.04,0.0,0.03,0.0,0.0,0.0,0.0,60.0,269.03438441953847,269.60376017407475,269.3812354266718,144.63426288400683,144.4422289360006,144.4096776535423
0.3046875,206.4751801064719,-116.53119753954304,-89.37829714197962,0.0,-0.0,-381.8376618407357,220.61731573020285,159.80613254815975,-425.0,-1.0,0.0,0.03,0.0,0.03,0.0,0.0,0.0,0.0,60.0,269.03438441953847,269.56747763778924,269.4073356462292,144.63426288400683,144.41356411362474,144.45288159119568
0.30520833333333336,196.57568516986024,-148.49242404917499,-50.91168824543143,0.8,-1.6,-366.2813126546316,277.18585822512665,89.095454429505,-454.0,-1.0,0.0,0.04,0.0,0.03,0.0,0.0,0.0,0.0,60.0,269.03438441953847,269.56747763778924,269.42183467566247,144.57396895707058,144.45878304900677,144.47724734365616
0.30572916666666666,183.84776310850236,-169.7056274847714,-11.313708498984761,0.8,1.6,-337.9970414071697,321.0264786586926,16.970562748477143,-465.0,-1.0,0.0,0.03,0.0,0.03,0.0,0.0,0.0,0.0,60.0,269.0897852018913,269.56747763778924,269.42450241208576,144.57396895707058,144.35404393365638,144.4798774916424
0.30625,161.22034611053286,-189.50461735799476,27.152900397563425,0.0,-1.6,-298.3990616607231,353.5533905932738,-56.568542494923804,-461.0,-1.0,0.0,0.03,0.0,0.02,0.0,0.0,0.0,0.0,60.0,269.1386724348621,269.50939222965866,269.41510722303605,144.57396895707058,144.35404393365638,144.47309438092617
0.3067708333333333,132.3703894381217,-200.8183258569795,64.48813844421313,0.0,-3.2,-246.07315985291856,374.7665940288702,-128.69343417595167,-439.0,-1.0,0.0,0.03,0.0,0.02,0.0,0.0,0.0,0.0,60.0,269.1386724348621,269.44781498464596,269.39387984881915,144.60619799994743,144.35404393365638,144.45717358442258
0.3072916666666667,98.42926394116742,-202.2325394193526,102.95474734076133,0.0,-0.8,-182.43354954612929,380.42344827836257,-196.57568516986024,-398.0,-1.0,0.0,0.03,0.0,0.02,0.0,0.0,0.0,0.0,60.0,269.1685113455881,269.44781498464596,269.36151358351106,144.60619799994743,144.29190032708004,144.45717358442258
0.3078125,61.09402589451771,-196.57568516986024,136.89587283771561,0.8,0.8,-111.72287142747452,370.52395334175094,-258.80108191427644,-342.0,-1.0,0.0,0.03,0.0,0.02,0.0,0.0,0.0,0.0,60.0,269.1685113455881,269.44781498464596,269.36151358351106,144.60619799994743,144.23146328038138,144.49053602225996
0.30833333333333335,22.627416997969522,-186.67619023324855,164.04877323527904,0.8,0.0,-42.42640687119285,349.3107499061545,-306.88434303496166,-277.0,-1.0,0.0,0.03,0.0,0.02,0.0,0.0,0.0,0.0,60.0,269.1753610566911,269.44781498464596,269.31104229125106,144.61159185902076,144.23146328038138,144.5899892800328
0.30885416666666665,-13.576450198781712,-166.87720036002523,182.43354954612929,0.8,0.8,31.112698372208094,315.36962440920024,-346.4823227814083,-201.0,-1.0,0.0,0.03,0.0,0.02,0.0,0.0,0.0,0.0,60.0,269.1701367165384,269.44781498464596,269.2540621791991,144.60440000221294,144.12829354432807,144.5340011900314
0.309375,-53.17442994522838,-142.83556979968262,196.57568516986024,0.0,0.8,104.65180361560904,268.70057685088807,-371.93816690412405,-116.0,-1.0,0.0,0.04,0.0,0.03,0.0,0.0,0.0,0.0,60.0,269.152837622047,269.49176703565547,269.1928908793841,144.57784235490584,144.12829354432807,144.5340011900314
0.3098958333333333,-92.77240969167504,-110.87434329005066,205.0609665440988,0.8,0.8,175.3624817342638,207.88939366884497,-383.2518754031088,-24.0,-1.0,0.0,0.04,0.0,0.02,0.0,0.0,0.0,0.0,60.0,269.152837622047,269.49176703565547,269.19289087938415,144.5778423549058,144.15535023022906,144.59647298603102
0.3104166666666667,-126.71353518862932,-75.8018469431979,200.8183258569795,0.8,-1.6,239.0020920410531,138.59292911256333,-377.5950211536164,71.0,-1.0,0.0,0.03,0.0,0.03,0.0,0.0,0.0,0.0,60.0,269.11347513641897,269.5143780951213,269.1928908793841,144.5467139024613,144.17380136488043,144.59647298603102
0.3109375,-156.97770542341357,-35.07249634685276,190.91883092036784,0.8,-0.8,294.1564209736038,65.05382386916237,-357.7960312803931,162.0,-1.0,0.0,0.04,0.0,0.03,0.0,0.0,0.0,0.0,60.0,269.11347513641897,269.524929273713,269.1928908793841,144.5467139024613,144.17380136488043,144.65459723078283
0.31145833333333334,-178.19090885901,5.656854249492381,172.5340546095176,0.0,0.0,336.58282784479667,-11.313708498984761,-326.683332908185,245.0,-1.0,0.0,0.05,0.0,0.03,0.0,0.0,0.0,0.0,60.0,269.0580792319755,269.524929273713,269.24640201867135,144.49200669933265,144.17227542076182,144.65459723078283
0.31197916666666664,-195.16147160748713,44.12346314604057,149.9066376115481,0.0,-0.8,366.2813126546316,-83.43860018001261,-282.842712474619,317.0,-1.0,0.0,0.05,0.0,0.04,0.0,0.0,0.0,0.0,60.0,269.0580792319755,269.524929273713,269.24640201867135,144.49200669933265,144.16131589299536,144.65459723078283
0.3125,-203.6467529817257,82.59007204258876,121.05668093913694,0.0,0.0,380.42344827836257,-154.14927829866738,-224.85995641732214,378.0,-1.0,0.01,0.05,0.0,0.05,0.0,0.0,0.0,0.0,60.0,269.0580792319755,269.4995361777085,269.24640201867135,144.49200669933268,144.18143084322614,144.65459723078283
0.31302083333333336,-203.6467529817257,119.92531008923847,81.45870119269028,0.0,-1.6,379.0092347159895,-224.85995641732214,-152.73506473629428,426.0,-1.0,0.01,0.05,0.0,0.05,0.0,0.0,0.0,0.0,60.0,269.1202101292283,269.46254377927926,269.29607312398747,144.49200669933268,144.18143084322614,144.65459723078283
0.31354166666666666,-193.74725804511402,154.14927829866738,36.20386719675124,0.8,-2.4,359.21024484276614,-285.67113959936523,-73.53910524340095,456.0,-1.0,0.01,0.05,0.01,0.05,0.0,0.0,0.0,0.0,60.0,269.1790760813329,269.3683583868009,269.3312319431224,144.55103769949216,144.13395679020263,144.65459723078283
0.3140625,-178.19090885901,176.7766952966369,0.0,0.8,-1.6,332.34018715767735,-326.683332908185,-7.0710678118654755,466.0,-1.0,0.02,0.06,0.0,0.05,0.0,0.0,0.0,0.0,60.0,269.1790760813329,269.36835838680094,269.332276194295,144.55103769949216,144.18793292089322,144.65459723078283
0.3145833333333333,-162.63455967290594,189.50461735799476,-28.284271247461902,0.0,-1.6,302.64170234784234,-352.13917703090067,50.91168824543143,463.0,-1.0,0.02,0.06,0.01,0.05,0.0,0.0,0.0,0.0,60.0,269.1790760813329,269.36835838680094,269.332276194295,144.55103769949216,144.18793292089322,144.65459723078283
0.3151041666666667,-138.0272436876141,197.9898987322333,-64.48813844421313,0.8,-3.2,251.73001410241093,-370.52395334175094,118.79393923933999,439.0,-1.0,0.02,0.06,0.01,0.06,0.0,0.0,0.0,0.0,60.0,269.22028619701007,269.4290259047826,269.332276194295,144.61798816191575,144.2483882058999,144.68556424191047
0.315625,-98.42926394116742,200.8183258569795,-106.34885989045677,0.0,-2.4,173.9482681718907,-373.3523804664971,199.40411229460642,387.0,-1.0,0.02,0.05,0.01,0.06,0.0,0.0,0.0,0.0,60.0,269.30489226896714,269.55101557961154,269.332276194295,144.66555395117388,144.309684359713,144.65943626324554
0.31614583333333335,-52.043059095329895,195.16147160748713,-145.6639969244288,0.0,-2.4,97.58073580374356,-363.45288552988546,265.8721497261419,327.0,-1.0,0.02,0.06,0.01,0.06,0.0,0.0,0.0,0.0,60.0,269.3364531584984,269.6104829193405,269.2885302050572,144.69043679524918,144.309684359713,144.65943626324554
0.31666666666666665,-19.233304448274094,188.09040379562165,-168.29141392239833,0.0,0.0,36.76955262170048,-347.8965363437814,311.1269837220809,271.0,-1.0,0.02,0.05,0.01,0.06,0.0,0.0,0.0,0.0,60.0,269.34237041356863,269.66738772050286,269.2885302050572,144.69928299753252,144.3670582231279,144.65943626324554
0.3171875,13.576450198781712,168.29141392239833,-185.26197667087547,0.0,-2.4,-28.284271247461902,-316.7838379715733,343.65389565666214,203.0,-1.0,0.02,0.05,0.01,0.05,0.0,0.0,0.0,0.0,60.0,269.33761341483665,269.71918266967964,269.2320096125273,144.69209549937412,144.31531450265425,144.60261062650287
0.3177083333333333,52.043059095329895,144.2497833620557,-199.40411229460642,0.0,-1.6,-100.40916292848975,-268.70057685088807,367.6955262170047,119.0,-1.0,0.02,0.05,0.0,0.05,0.0,0.0,0.0,0.0,60.0,269.33761341483665,269.76309050720783,269.2320096125273,144.66610694976208,144.31531450265425,144.60261062650287
0.3182291666666667,91.64103884177656,112.00571413994913,-206.4751801064719,0.0,-2.4,-172.5340546095176,-207.88939366884497,379.0092347159895,26.0,-1.0,0.02,0.05,0.0,0.05,0.0,0.0,0.0,0.0,60.0,269.33761341483665,269.79703019121615,269.2941003809775,144.66610694976208,144.34261325055743,144.60261062650287
0.31875,125.58216433873085,75.8018469431979,-205.0609665440988,0.0,-2.4,-237.58787847867998,-138.59292911256333,374.7665940288702,-69.0,-1.0,0.01,0.05,0.0,0.05,0.0,0.0,0.0,0.0,60.0,269.33761341483665,269.819615669432,269.29410038097757,144.63527405166417,144.3610404506701,144.6650527943774
0.31927083333333334,155.56349186104046,37.33523804664971,-193.74725804511402,0.8,-0.8,-291.3279938488576,-66.46803743153548,356.38181771802,-158.0,-1.0,0.01,0.05,0.0,0.04,0.0,0.0,0.0,0.0,60.0,269.33761341483665,269.8303865393963,269.2941003809775,144.63527405166417,144.3517578694489,144.78251793638623
0.31979166666666664,178.19090885901,-1.1313708498984762,-176.7766952966369,0.0,0.8,-333.75440072005046,7.0710678118654755,325.2691193458119,-240.0,-1.0,0.0,0.04,0.0,0.04,0.0,0.0,0.0,0.0,60.0,269.33761341483665,269.8291125879489,269.2941003809775,144.580600358416,144.3513422175215,144.78251793638623
0.3203125,195.16147160748713,-40.72935059634514,-154.14927829866738,0.0,-0.0,-364.86709909225857,80.61017305526643,282.842712474619,-314.0,-1.0,0.0,0.05,0.0,0.04,0.0,0.0,0.0,0.0,60.0,269.33761341483665,269.81579364447884,269.29410038097757,144.580600358416,144.33083523627238,144.7352410437762
0.32083333333333336,203.6467529817257,-79.19595949289332,-124.45079348883237,0.8,0.0,-380.42344827836257,152.73506473629428,227.68838354206832,-377.0,-1.0,0.0,0.04,0.0,0.03,0.0,0.0,0.0,0.0,60.0,269.27506847088534,269.79065958627996,269.3313479712304,144.45518336148413,144.31129546920437,144.70469930171583
0.32135416666666666,205.0609665440988,-116.53119753954304,-90.50966799187809,0.8,-1.6,-381.8376618407357,219.20310216782974,161.22034611053286,-425.0,-1.0,0.0,0.04,0.0,0.03,0.0,0.0,0.0,0.0,60.0,269.27506847088534,269.7546338804952,269.3576850583625,144.3922175880681,144.31129546920437,144.72667342269702
0.321875,197.9898987322333,-147.0782104868019,-50.91168824543143,0.8,0.0,-366.2813126546316,275.77164466275354,90.50966799187809,-453.0,-1.0,0.0,0.04,0.0,0.02,0.0,0.0,0.0,0.0,60.0,269.27506847088534,269.70933428415117,269.37241878113656,144.45258737731214,144.26603030512763,144.72667342269702
0.3223958333333333,183.84776310850236,-171.11984104714452,-12.445079348883239,0.8,-0.0,-337.9970414071697,318.1980515339464,18.38477631085024,-464.0,-1.0,0.0,0.03,0.0,0.02,0.0,0.0,0.0,0.0,60.0,269.27506847088534,269.6045715487777,269.3753190253331,144.45258737731214,144.31822476735226,144.72957541566961
0.3229166666666667,161.22034611053286,-189.50461735799476,27.152900397563425,0.0,-1.6,-299.8132752230962,353.5533905932738,-55.15432893255071,-461.0,-1.0,0.0,0.03,0.0,0.02,0.0,0.0,0.0,0.0,60.0,269.32415413401003,269.6045715487777,269.36615414710144,144.45258737731214,144.31822476735223,144.72957541566961
0.3234375,134.63313113791867,-200.8183258569795,64.48813844421313,0.0,-0.8,-247.48737341529164,374.7665940288702,-127.27922061357856,-440.0,-1.0,0.0,0.03,0.0,0.02,0.0,0.0,0.0,0.0,60.0,269.3646459727037,269.6045715487777,269.3451549592084,144.51792276392572,144.31822476735223,144.72957541566961
0.32395833333333335,98.42926394116742,-203.6467529817257,102.95474734076133,0.0,-1.6,-182.43354954612929,379.0092347159895,-196.57568516986024,-398.0,-1.0,0.0,0.03,0.0,0.02,0.0,0.0,0.0,0.0,60.0,269.3646459727037,269.5423204248268,269.34515495920846,144.51792276392572,144.38035704347044,144.72957541566961
0.32447916666666665,62.22539674441619,-197.9898987322333,135.76450198781714,0.0,0.0,-113.13708498984761,370.52395334175094,-257.38686835190333,-342.0,-1.0,0.0,0.03,0.0,0.02,0.0,0.0,0.0,0.0,60.0,269.38309152580456,269.5423204248268,269.30280355020443,144.5330066109468,144.44073178989368,144.6962680928572
0.325,23.758787847868,-188.09040379562165,162.63455967290594,0.0,-0.8,-42.42640687119285,349.3107499061545,-306.88434303496166,-278.0,-1.0,0.0,0.03,0.0,0.02,0.0,0.0,0.0,0.0,60.0,269.38309152580456,269.5423204248268,269.30280355020443,144.53867994415887,144.49805362010937,144.64637050406762
0.3255208333333333,-13.576450198781712,-168.29141392239833,183.84776310850236,0.0,1.6,29.698484809834998,315.36962440920024,-345.0681092190352,-202.0,-1.0,0.0,0.04,0.0,0.02,0.0,0.0,0.0,0.0,60.0,269.3781032303851,269.5423204248268,269.2460538243783,144.53867994415887,144.54929954863152,144.70231511624132
0.3260416666666667,-54.30580079512685,-144.2497833620557,196.57568516986024,0.8,-0.8,103.23759005323595,268.70057685088807,-371.93816690412405,-117.0,-1.0,0.0,0.03,0.0,0.02,0.0,0.0,0.0,0.0,60.0,269.36104952275485,269.5423204248268,269.2460538243783,144.55182461664052,144.59317929971664,144.70231511624132
0.3265625,-92.77240969167504,-113.13708498984761,202.2325394193526,0.8,-2.4,173.9482681718907,209.30360723121808,-381.8376618407357,-25.0,-1.0,0.0,0.04,0.0,0.03,0.0,0.0,0.0,0.0,60.0,269.33239222195317,269.57651974903155,269.1832554227696,144.55182461664052,144.64794329681982,144.57786829248798
0.32708333333333334,-127.84490603852781,-75.8018469431979,200.8183258569795,0.0,-1.6,239.0020920410531,138.59292911256333,-377.5950211536164,70.0,-1.0,0.0,0.04,0.0,0.04,0.0,0.0,0.0,0.0,60.0,269.33239222195317,269.57651974903155,269.18325542276955,144.58295196875733,144.64794329681982,144.57786829248798
0.32760416666666664,-156.97770542341357,-35.07249634685276,189.50461735799476,0.8,-1.6,294.1564209736038,65.05382386916237,-357.7960312803931,161.0,-1.0,0.0,0.04,0.0,0.04,0.0,0.0,0.0,0.0,60.0,269.3323922219531,269.57651974903155,269.18325542276955,144.58295196875733,144.64794329681982,144.51971318820142
0.328125,-178.19090885901,4.525483399593905,172.5340546095176,0.8,-0.8,336.58282784479667,-9.899494936611665,-326.683332908185,244.0,-1.0,0.0,0.04,0.0,0.04,0.0,0.0,0.0,0.0,60.0,269.3323922219531,269.5747809050394,269.1832554227696,144.58295196875733,144.6466988907801,144.51971318820142
0.32864583333333336,-195.16147160748713,42.99209229614209,149.9066376115481,0.0,-2.4,366.2813126546316,-82.02438661763952,-282.842712474619,316.0,-1.0,0.0,0.05,0.0,0.04,0.0,0.0,0.0,0.0,60.0,269.3323922219531,269.56121753694464,269.1832554227696,144.58295196875736,144.63605186812865,144.51971318820142
0.32916666666666666,-203.6467529817257,81.45870119269028,121.05668093913694,0.8,-0.8,380.42344827836257,-152.73506473629428,-226.27416997969522,377.0,-1.0,0.01,0.05,0.0,0.04,0.0,0.0,0.0,0.0,60.0,269.3323922219531,269.5360597396942,269.22028619701007,144.58295196875736,144.61600015212701,144.51971318820142
0.3296875,-203.6467529817257,117.66256838944152,82.59007204258876,0.8,-2.4,379.0092347159895,-223.44574285494903,-155.56349186104046,426.0,-1.0,0.02,0.05,0.0,0.05,0.0,0.0,0.0,0.0,60.0,269.3323922219531,269.4993042662634,269.2708905544749,144.58295196875738,144.55790362342697,144.5397782619027
0.3302083333333333,-193.74725804511402,151.32085117392117,41.860721446243616,0.0,-0.0,360.62445840513925,-284.2569260369921,-77.78174593052023,456.0,-1.0,0.01,0.05,0.0,0.05,0.0,0.0,0.0,0.0,60.0,269.3914438136445,269.4525700378454,269.3081413548428,144.58295196875738,144.46448525502728,144.5875081049535
0.3307291666666667,-181.01933598375618,175.3624817342638,1.1313708498984762,0.8,-3.2,333.75440072005046,-325.2691193458119,-8.485281374238571,466.0,-1.0,0.02,0.05,0.01,0.05,0.0,0.0,0.0,0.0,60.0,269.44607531007017,269.39909985001805,269.30941777071223,144.69270886952114,144.41061249091078,144.58764642942356
0.33125,-162.63455967290594,189.50461735799476,-30.547012947258857,0.0,-2.4,302.64170234784234,-353.5533905932738,50.91168824543143,463.0,-1.0,0.02,0.05,0.01,0.05,0.0,0.0,0.0,0.0,60.0,269.44607531007017,269.4569770853967,269.30941777071223,144.69270886952114,144.41061249091078,144.60203145184371
0.33177083333333335,-138.0272436876141,199.40411229460642,-63.35676759431466,0.0,-1.6,253.14422766478404,-371.93816690412405,118.79393923933999,440.0,-1.0,0.03,0.06,0.01,0.06,0.0,0.0,0.0,0.0,60.0,269.48747651792655,269.5178565512868,269.30941777071223,144.69270886952114,144.47140720571664,144.58640150442918
0.33229166666666665,-98.42926394116742,200.8183258569795,-104.08611819065979,0.0,-0.8,175.3624817342638,-374.7665940288702,197.9898987322333,390.0,-1.0,0.02,0.06,0.01,0.06,0.0,0.0,0.0,0.0,60.0,269.51611732881577,269.5791859547024,269.27680925025834,144.69270886952114,144.47140720571667,144.5349352232878
0.3328125,-55.43717164502533,196.57568516986024,-144.2497833620557,0.0,-1.6,100.40916292848975,-366.2813126546316,264.4579361637688,330.0,-1.0,0.02,0.06,0.01,0.05,0.0,0.0,0.0,0.0,60.0,269.54858096454524,269.6987903198678,269.2332863893319,144.73209733849643,144.5313114864734,144.49060523092842
0.3333333333333333,-21.496046148071045,188.09040379562165,-166.87720036002523,0.0,0.0,38.18376618407357,-347.8965363437814,309.7127701597078,273.0,-1.0,0.02,0.06,0.01,0.05,0.0,0.0,0.0,0.0,60.0,269.554725426953,269.6987903198678,269.18232668583573,144.7420464136113,144.5313114864734,144.43933847813068
0.3338541666666667,13.576450198781712,169.7056274847714,-186.67619023324855,1.6,-2.4,-28.284271247461902,-316.7838379715733,343.65389565666214,204.0,-1.0,0.02,0.06,0.0,0.05,0.0,0.0,0.0,0.0,60.0,269.554725426953,269.6987903198678,269.18232668583573,144.74204641361126,144.5829779054229,144.49622832447912
0.334375,50.91168824543143,147.0782104868019,-199.40411229460642,1.6,-0.8,-98.99494936611666,-268.70057685088807,367.6955262170047,120.0,-1.0,0.02,0.05,0.01,0.05,0.0,0.0,0.0,0.0,60.0,269.53837852892116,269.6987903198678,269.18232668583573,144.72947177406542,144.67199970968812,144.49622832447912
0.33489583333333334,90.50966799187809,114.26845583974608,-206.4751801064719,0.8,-0.8,-171.11984104714452,-209.30360723121808,379.0092347159895,28.0,-1.0,0.02,0.06,0.01,0.05,0.0,0.0,0.0,0.0,60.0,269.5102038884613,269.73296980532433,269.18232668583573,144.7072216580776,144.72728664629904,144.49622832447912
0.33541666666666664,125.58216433873085,75.8018469431979,-205.0609665440988,0.8,-2.4,-236.17366491630688,-140.00714267493643,374.7665940288702,-67.0,-1.0,0.01,0.06,0.0,0.05,0.0,0.0,0.0,0.0,60.0,269.47135747607757,269.7557923381813,269.1823266858358,144.7072216580776,144.72728664629904,144.49622832447912
0.3359375,155.56349186104046,38.46660889654819,-195.16147160748713,0.8,-0.8,-289.9137802864845,-67.88225099390857,357.7960312803931,-156.0,-1.0,0.0,0.05,0.0,0.04,0.0,0.0,0.0,0.0,60.0,269.423690495101,269.76679743808353,269.2409469230117,144.7072216580776,144.73654514323604,144.5556899606515
0.33645833333333336,178.19090885901,0.0,-178.19090885901,0.8,0.0,-332.34018715767735,5.656854249492381,326.683332908185,-239.0,-1.0,0.0,0.05,0.0,0.04,0.0,0.0,0.0,0.0,60.0,269.3690544587481,269.7657548689233,269.294448513147,144.7072216580776,144.73640696106838,144.60994087544606
0.33697916666666666,195.16147160748713,-39.59797974644666,-155.56349186104046,0.8,-0.0,-363.45288552988546,79.19595949289332,284.2569260369921,-313.0,-1.0,0.0,0.04,0.0,0.03,0.0,0.0,0.0,0.0,60.0,269.3093017331559,269.7526644910111,269.3409781299534,144.70722165807757,144.72659568994223,144.65725871866923
0.3375,205.0609665440988,-79.19595949289332,-125.58216433873085,0.0,0.0,-380.42344827836257,151.32085117392117,229.1025971044414,-375.0,-1.0,0.0,0.04,0.0,0.03,0.0,0.0,0.0,0.0,60.0,269.3093017331559,269.7277562654611,269.3784512539932,144.7696187050308,144.72659568994223,144.6878104748289
0.3380208333333333,203.6467529817257,-117.66256838944152,-89.37829714197962,0.0,-2.4,-381.8376618407357,217.78888860545666,162.63455967290594,-424.0,-1.0,0.0,0.04,0.0,0.03,0.0,0.0,0.0,0.0,60.0,269.3093017331559,269.6919539029669,269.40501572910625,144.7072216580776,144.75519852495802,144.66583045073222
0.3385416666666667,197.9898987322333,-147.0782104868019,-49.780317395532954,0.0,0.8,-366.2813126546316,274.35743110038044,91.92388155425118,-453.0,-1.0,0.0,0.04,0.0,0.03,0.0,0.0,0.0,0.0,60.0,269.3093017331559,269.6468755613534,269.4199788434406,144.7072216580776,144.75519852495802,144.6535257088468
0.3390625,181.01933598375618,-169.7056274847714,-13.576450198781712,0.0,-1.6,-337.9970414071697,318.1980515339464,19.79898987322333,-464.0,-1.0,0.0,0.04,0.0,0.02,0.0,0.0,0.0,0.0,60.0,269.3093017331559,269.6468755613534,269.4231105528997,144.5957468254167,144.70316167934965,144.6567056862557
0.33958333333333335,161.22034611053286,-188.09040379562165,26.021529547664947,0.0,-0.8,-299.8132752230962,352.13917703090067,-53.74011537017761,-461.0,-1.0,0.0,0.03,0.0,0.02,0.0,0.0,0.0,0.0,60.0,269.3093017331559,269.5890390946932,269.41417928535236,144.59574682541668,144.64548904131095,144.65020739701689
0.34010416666666665,133.5017602880202,-200.8183258569795,63.35676759431466,0.8,-2.4,-248.90158697766475,373.3523804664971,-125.86500705120547,-440.0,-1.0,0.0,0.04,0.0,0.02,0.0,0.0,0.0,0.0,60.0,269.35002784481014,269.5277119333001,269.39341584381754,144.5629620615184,144.64548904131092,144.63458265573968
0.340625,102.95474734076133,-200.8183258569795,102.95474734076133,0.0,3.2,-183.84776310850236,379.0092347159895,-195.16147160748713,-398.0,-1.0,0.0,0.04,0.0,0.02,0.0,0.0,0.0,0.0,60.0,269.3800753582195,269.5277119333001,269.3612815532329,144.6614323169794,144.5218582083693,144.6345826557397
0.3411458333333333,61.09402589451771,-197.9898987322333,135.76450198781714,0.0,-0.8,-114.5512985522207,370.52395334175094,-255.97265478953022,-343.0,-1.0,0.0,0.03,0.0,0.02,0.0,0.0,0.0,0.0,60.0,269.3987518530849,269.5277119333001,269.31916474695964,144.64636186230197,144.5218582083693,144.6345826557397
0.3416666666666667,23.758787847868,-189.50461735799476,161.22034611053286,0.8,-2.4,-43.84062043356595,349.3107499061545,-305.47012947258855,-279.0,-1.0,0.0,0.03,0.0,0.02,0.0,0.0,0.0,0.0,60.0,269.4058277023717,269.5277119333001,269.2689176269701,144.64636186230197,144.57958016262185,144.58509605073408
0.3421875,-14.70782104868019,-171.11984104714452,182.43354954612929,0.8,-2.4,29.698484809834998,316.7838379715733,-345.0681092190352,-203.0,-1.0,0.0,0.04,0.0,0.02,0.0,0.0,0.0,0.0,60.0,269.4058277023717,269.57953371871537,269.2689176269701,144.6498185273663,144.6832920554409,144.52910606517983
0.34270833333333334,-54.30580079512685,-144.2497833620557,196.57568516986024,0.8,-1.6,101.82337649086286,270.1147904132612,-370.52395334175094,-119.0,-1.0,0.0,0.03,0.0,0.03,0.0,0.0,0.0,0.0,60.0,269.38900775644134,269.62369610254956,269.20798186532284,144.6498185273663,144.6832920554409,144.5291060651798
0.34322916666666664,-91.64103884177656,-113.13708498984761,203.6467529817257,0.8,-0.8,172.5340546095176,209.30360723121808,-381.8376618407357,-27.0,-1.0,0.0,0.04,0.0,0.03,0.0,0.0,0.0,0.0,60.0,269.3605854611992,269.62369610254956,269.20798186532284,144.6272795844546,144.6832920554409,144.59114772350347
0.34375,-126.71353518862932,-76.93321779309638,200.8183258569795,0.0,-1.6,237.58787847867998,140.00714267493643,-377.5950211536164,69.0,-1.0,0.0,0.04,0.0,0.03,0.0,0.0,0.0,0.0,60.0,269.3214854035972,269.64652788419136,269.20798186532284,144.5961617747857,144.70195230196447,144.59114772350347
0.34427083333333336,-155.56349186104046,-35.07249634685276,190.91883092036784,0.0,0.0,292.7422074112307,66.46803743153548,-359.21024484276614,160.0,-1.0,0.0,0.04,0.0,0.04,0.0,0.0,0.0,0.0,60.0,269.2733276802587,269.6573056677679,269.2668286291499,144.548391551065,144.70195230196447,144.64927410809915
0.34479166666666666,-179.60512242138307,3.394112549695428,173.9482681718907,0.0,-1.6,335.16861428242356,-8.485281374238571,-326.683332908185,242.0,-1.0,0.0,0.04,0.0,0.04,0.0,0.0,0.0,0.0,60.0,269.21819682183445,269.6557991217693,269.2668286291499,144.60307742230106,144.70098479277877,144.70219417825012
0.3453125,-195.16147160748713,41.860721446243616,149.9066376115481,0.8,-1.6,364.86709909225857,-80.61017305526643,-284.2569260369921,315.0,-1.0,0.0,0.05,0.0,0.04,0.0,0.0,0.0,0.0,60.0,269.1581784007315,269.6424716175106,269.3133630178792,144.60307742230106,144.690618216939,144.70219417825012
0.3458333333333333,-203.6467529817257,81.45870119269028,122.18805178903543,0.0,0.0,380.42344827836257,-152.73506473629428,-227.68838354206832,376.0,-1.0,0.01,0.05,0.0,0.05,0.0,0.0,0.0,0.0,60.0,269.1581784007315,269.6424716175106,269.3506079443668,144.60307742230108,144.690618216939,144.73190733214292
0.3463541666666667,-206.4751801064719,117.66256838944152,82.59007204258876,0.0,-4.0,380.42344827836257,-222.03152929257593,-156.97770542341357,425.0,-1.0,0.01,0.05,0.01,0.05,0.0,0.0,0.0,0.0,60.0,269.22051834880637,269.605962471159,269.37624709688123,144.7283662590026,144.690618216939,144.73190733214292
0.346875,-195.16147160748713,151.32085117392117,42.99209229614209,0.0,-0.8,363.45288552988546,-281.4284989122459,-80.61017305526643,455.0,-1.0,0.01,0.05,0.0,0.06,0.0,0.0,0.0,0.0,60.0,269.33935378997256,269.51321859975627,269.4022318021883,144.78773256046247,144.690618216939,144.74227095081795
0.34739583333333335,-181.01933598375618,173.9482681718907,3.394112549695428,0.0,-2.4,335.16861428242356,-323.85490578343877,-11.313708498984761,466.0,-1.0,0.02,0.06,0.01,0.05,0.0,0.0,0.0,0.0,60.0,269.39422785204584,269.4599923921917,269.40547971412906,144.78773256046247,144.63726179653705,144.7433763596801
0.34791666666666665,-164.04877323527904,190.91883092036784,-29.41564209736038,0.0,-1.6,302.64170234784234,-353.5533905932738,50.91168824543143,464.0,-1.0,0.02,0.05,0.0,0.05,0.0,0.0,0.0,0.0,60.0,269.39422785204584,269.4599923921917,269.40547971412906,144.83758144901483,144.69536965639224,144.73605286866157
0.3484375,-139.15861453751256,200.8183258569795,-63.35676759431466,0.0,-1.6,253.14422766478404,-371.93816690412405,120.20815280171308,441.0,-1.0,0.02,0.06,0.01,0.06,0.0,0.0,0.0,0.0,60.0,269.39422785204584,269.4599923921917,269.4250823512911,144.87140849732913,144.75647653904815,144.73605286866157
0.3489583333333333,-100.69200564096438,200.8183258569795,-104.08611819065979,0.8,-2.4,178.19090885901,-376.1808075912433,196.57568516986024,392.0,-1.0,0.02,0.05,0.01,0.06,0.0,0.0,0.0,0.0,60.0,269.4522221099689,269.5215668550478,269.3927198348166,144.91999516974877,144.75647653904818,144.73605286866157
0.3494791666666667,-55.43717164502533,196.57568516986024,-141.4213562373095,0.0,0.0,101.82337649086286,-366.2813126546316,263.0437226013957,332.0,-1.0,0.02,0.06,0.01,0.06,0.0,0.0,0.0,0.0,60.0,269.46880617243994,269.5215668550478,269.3494477440041,144.91999516974877,144.75647653904815,144.64879881976208
0.35,-21.496046148071045,189.50461735799476,-166.87720036002523,0.0,0.8,39.59797974644666,-349.3107499061545,308.29855659733477,274.0,-1.0,0.02,0.06,0.01,0.06,0.0,0.0,0.0,0.0,60.0,269.4751843862436,269.57872226865385,269.29874210623416,144.91999516974874,144.81410497600018,144.64879881976208
0.35052083333333334,12.445079348883239,172.5340546095176,-186.67619023324855,0.0,-1.6,-26.870057685088806,-316.7838379715733,343.65389565666214,205.0,-1.0,0.02,0.05,0.01,0.05,0.0,0.0,0.0,0.0,60.0,269.47066166839016,269.57872226865385,269.29874210623416,144.91682096982393,144.91851158495936,144.64879881976208
0.35104166666666664,53.17442994522838,145.6639969244288,-197.9898987322333,0.8,0.8,-98.99494936611666,-270.1147904132612,367.6955262170047,121.0,-1.0,0.01,0.05,0.0,0.05,0.0,0.0,0.0,0.0,60.0,269.47066166839016,269.622884785398,269.29874210623416,144.9422126228243,144.87386755381385,144.5880786925395
0.3515625,88.24692629208114,112.00571413994913,-205.0609665440988,0.0,-3.2,-169.7056274847714,-209.30360723121808,379.0092347159895,29.0,-1.0,0.01,0.06,0.0,0.05,0.0,0.0,0.0,0.0,60.0,269.44271190737373,269.622884785398,269.29874210623416,144.89860247773268,144.8186365769268,144.5251708180966
0.35208333333333336,123.3194226389339,76.93321779309638,-202.2325394193526,0.0,-1.6,-234.7594513539338,-141.4213562373095,374.7665940288702,-65.0,-1.0,0.01,0.05,0.0,0.05,0.0,0.0,0.0,0.0,60.0,269.4040877566634,269.6459484212585,269.29874210623416,144.83785762016782,144.83727938621328,144.40057132850964
0.35260416666666666,152.73506473629428,37.33523804664971,-195.16147160748713,0.0,-3.2,-288.4995667241114,-69.29646455628166,357.7960312803931,-154.0,-1.0,0.01,0.05,0.0,0.04,0.0,0.0,0.0,0.0,60.0,269.3566409056959,269.657189779913,269.29874210623416,144.74375634202673,144.82802732896698,144.40057132850964
0.353125,178.19090885901,0.0,-178.19090885901,0.0,0.0,-330.92597359530424,4.242640687119286,326.683332908185,-237.0,-1.0,0.0,0.04,0.0,0.04,0.0,0.0,0.0,0.0,60.0,269.3022233476731,269.6563785635341,269.29874210623416,144.74375634202673,144.82802732896698,144.40057132850964
0.3536458333333333,195.16147160748713,-39.59797974644666,-155.56349186104046,0.0,0.8,-363.45288552988546,77.78174593052023,285.67113959936523,-311.0,-1.0,0.0,0.04,0.0,0.04,0.0,0.0,0.0,0.0,60.0,269.3022233476731,269.6435146633421,269.3455030253893,144.74375634202673,144.82802732896698,144.40057132850964
0.3541666666666667,205.0609665440988,-79.19595949289332,-126.71353518862932,0.8,-0.8,-380.42344827836257,149.9066376115481,230.5168106668145,-374.0,-1.0,0.0,0.04,0.0,0.03,0.0,0.0,0.0,0.0,60.0,269.3022233476731,269.6188281630198,269.38320753157575,144.74375634202673,144.82802732896698,144.4314543304193
0.3546875,206.4751801064719,-115.39982668964456,-90.50966799187809,1.6,-0.0,-381.8376618407357,217.78888860545666,164.04877323527904,-422.0,-1.0,0.0,0.04,0.0,0.03,0.0,0.0,0.0,0.0,60.0,269.3022233476731,269.6188281630198,269.41000352622393,144.868923513637,144.77112108428258,144.45347001716505
0.35520833333333335,195.16147160748713,-145.6639969244288,-49.780317395532954,0.8,0.0,-366.2813126546316,272.9432175380074,93.33809511662427,-452.0,-1.0,0.0,0.04,0.0,0.02,0.0,0.0,0.0,0.0,60.0,269.3022233476731,269.5739694406713,269.4251983389824,144.74893781993705,144.7264315873227,144.45347001716505
0.35572916666666665,181.01933598375618,-169.7056274847714,-13.576450198781712,0.0,-1.6,-337.9970414071697,316.7838379715733,21.213203435596427,-463.0,-1.0,0.0,0.04,0.0,0.02,0.0,0.0,0.0,0.0,60.0,269.3022233476731,269.5219146934067,269.42856196030885,144.74893781993705,144.7264315873227,144.45347001716505
0.35625,161.22034611053286,-189.50461735799476,26.021529547664947,0.0,-0.8,-299.8132752230962,352.13917703090067,-52.32590180780452,-461.0,-1.0,0.0,0.04,0.0,0.02,0.0,0.0,0.0,0.0,60.0,269.3022233476731,269.5219146934067,269.4198628535023,144.74893781993705,144.78407198307417,144.45347001716505
0.3567708333333333,132.3703894381217,-199.40411229460642,63.35676759431466,0.0,-2.4,-248.90158697766475,373.3523804664971,-124.45079348883237,-440.0,-1.0,0.0,0.03,0.0,0.02,0.0,0.0,0.0,0.0,60.0,269.3022233476731,269.5219146934067,269.3993318477238,144.71646416354986,144.72297675213844,144.45347001716502
0.3572916666666667,100.69200564096438,-200.8183258569795,100.69200564096438,0.8,0.8,-185.26197667087547,379.0092347159895,-193.74725804511402,-399.0,-1.0,0.0,0.03,0.0,0.02,0.0,0.0,0.0,0.0,60.0,269.3325082495613,269.5219146934067,269.36743028807325,144.66670314899696,144.72297675213844,144.403618375718
0.3578125,61.09402589451771,-199.40411229460642,134.63313113791867,0.0,-2.4,-115.9655121145938,370.52395334175094,-255.97265478953022,-344.0,-1.0,0.0,0.04,0.0,0.02,0.0,0.0,0.0,0.0,60.0,269.35142008164723,269.5219146934067,269.36743028807325,144.66670314899696,144.78364030511182,144.37051291728514
0.35833333333333334,23.758787847868,-188.09040379562165,161.22034611053286,0.0,-2.4,-45.254833995939045,350.7249634685276,-305.47012947258855,-280.0,-1.0,0.0,0.03,0.0,0.02,0.0,0.0,0.0,0.0,60.0,269.35872920698154,269.5793018760899,269.36743028807325,144.66670314899696,144.72599973743488,144.37051291728514
0.35885416666666664,-13.576450198781712,-171.11984104714452,182.43354954612929,0.0,-1.6,28.284271247461902,316.7838379715733,-343.65389565666214,-204.0,-1.0,0.0,0.03,0.0,0.02,0.0,0.0,0.0,0.0,60.0,269.35397249715845,269.5793018760899,269.31092625439464,144.66324688738325,144.72599973743488,144.3705129172851
0.359375,-54.30580079512685,-145.6639969244288,196.57568516986024,0.0,-2.4,100.40916292848975,270.1147904132612,-370.52395334175094,-120.0,-1.0,0.0,0.04,0.0,0.02,0.0,0.0,0.0,0.0,60.0,269.33738136396886,269.5793018760899,269.31092625439464,144.66324688738325,144.77025764983634,144.37051291728514
0.35989583333333336,-91.64103884177656,-113.13708498984761,202.2325394193526,0.0,-1.6,171.11984104714452,210.7178207935912,-381.8376618407357,-28.0,-1.0,0.0,0.04,0.0,0.02,0.0,0.0,0.0,0.0,60.0,269.3091856955496,269.6137283225763,269.31092625439464,144.66324688738325,144.77025764983634,144.30837640275772
0.36041666666666666,-125.58216433873085,-76.93321779309638,200.8183258569795,0.8,-0.8,237.58787847867998,141.4213562373095,-377.5950211536164,68.0,-1.0,0.0,0.04,0.0,0.03,0.0,0.0,0.0,0.0,60.0,269.3091856955496,269.6367927416435,269.31092625439464,144.63241337957407,144.77025764983634,144.30837640275774
0.3609375,-155.56349186104046,-35.07249634685276,192.33304448274095,0.8,0.8,292.7422074112307,67.88225099390857,-359.21024484276614,158.0,-1.0,0.0,0.04,0.0,0.04,0.0,0.0,0.0,0.0,60.0,269.30918569554956,269.6478026982605,269.3109262543947,144.63241337957407,144.77025764983634,144.3670495646427
0.3614583333333333,-181.01933598375618,3.394112549695428,175.3624817342638,0.0,-1.6,335.16861428242356,-7.0710678118654755,-328.0975464705581,241.0,-1.0,0.0,0.04,0.0,0.04,0.0,0.0,0.0,0.0,60.0,269.30918569554956,269.64652788419136,269.3646459727037,144.6874994600432,144.77025764983634,144.42050581548315
0.3619791666666667,-196.57568516986024,41.860721446243616,151.32085117392117,0.0,-2.4,364.86709909225857,-79.19595949289332,-285.67113959936523,314.0,-1.0,0.0,0.05,0.0,0.04,0.0,0.0,0.0,0.0,60.0,269.30918569554956,269.63343171795293,269.4113954531248,144.7473143101453,144.77025764983634,144.46658783261964
0.3625,-205.0609665440988,80.3273303427918,119.92531008923847,0.0,-3.2,380.42344827836257,-151.32085117392117,-229.1025971044414,376.0,-1.0,0.01,0.05,0.0,0.05,0.0,0.0,0.0,0.0,60.0,269.30918569554956,269.6085124768875,269.4488587840001,144.80969408157728,144.7505008626913,144.40732322150424
0.36302083333333335,-205.0609665440988,117.66256838944152,84.8528137423857,0.0,-1.6,380.42344827836257,-220.61731573020285,-159.80613254815975,425.0,-1.0,0.01,0.05,0.01,0.05,0.0,0.0,0.0,0.0,60.0,269.30918569554956,269.57223058022873,269.50081168708937,144.74688252256075,144.7505008626913,144.4483125550451
0.36354166666666665,-195.16147160748713,149.9066376115481,44.12346314604057,0.8,-0.8,364.86709909225857,-280.01428534987286,-84.8528137423857,455.0,-1.0,0.01,0.05,0.0,0.06,0.0,0.0,0.0,0.0,60.0,269.3689384468818,269.52620466292325,269.5415088627353,144.74688252256075,144.70450925938692,144.45897341459963
0.3640625,-181.01933598375618,172.5340546095176,6.788225099390856,1.6,-0.8,336.58282784479667,-322.4406922210657,-12.727922061357857,466.0,-1.0,0.02,0.05,0.0,0.05,0.0,0.0,0.0,0.0,60.0,269.42403845982267,269.4732129544605,269.54347979500454,144.74688252256075,144.65159003619695,144.46271145177914
0.3645833333333333,-162.63455967290594,189.50461735799476,-28.284271247461902,0.8,-0.8,302.64170234784234,-353.5533905932738,50.91168824543143,464.0,-1.0,0.02,0.05,0.01,0.05,0.0,0.0,0.0,0.0,60.0,269.42403845982267,269.47321295446045,269.54347979500454,144.69700238774817,144.59346458260137,144.45565063368065
0.3651041666666667,-139.15861453751256,200.8183258569795,-63.35676759431466,0.0,-0.8,253.14422766478404,-373.3523804664971,120.20815280171308,442.0,-1.0,0.02,0.06,0.01,0.05,0.0,0.0,0.0,0.0,60.0,269.42403845982267,269.5343206346828,269.54347979500454,144.69700238774817,144.59346458260137,144.45565063368065
0.365625,-100.69200564096438,203.6467529817257,-105.21748904055829,0.0,-1.6,181.01933598375618,-377.5950211536164,195.16147160748713,395.0,-1.0,0.02,0.06,0.01,0.05,0.0,0.0,0.0,0.0,60.0,269.48295400637124,269.5961099496801,269.51136339679636,144.69700238774817,144.71703424269032,144.48126176082488
0.36614583333333334,-57.69991334482228,196.57568516986024,-141.4213562373095,0.0,-1.6,104.65180361560904,-367.6955262170047,261.6295090390226,334.0,-1.0,0.02,0.06,0.01,0.05,0.0,0.0,0.0,0.0,60.0,269.516813019151,269.65626267528074,269.46834229645606,144.72464372041136,144.71703424269032,144.48126176082488
0.36666666666666664,-21.496046148071045,189.50461735799476,-166.87720036002523,0.8,0.8,39.59797974644666,-347.8965363437814,308.29855659733477,275.0,-1.0,0.02,0.06,0.01,0.05,0.0,0.0,0.0,0.0,60.0,269.516813019151,269.59912370035624,269.46834229645606,144.72464372041134,144.71703424269032,144.48126176082488
0.3671875,12.445079348883239,172.5340546095176,-185.26197667087547,0.0,-0.8,-26.870057685088806,-316.7838379715733,342.23968209428904,205.0,-1.0,0.02,0.06,0.01,0.06,0.0,0.0,0.0,0.0,60.0,269.516813019151,269.59912370035624,269.41209141387844,144.72464372041134,144.71703424269032,144.42436601903432
0.36770833333333336,49.780317395532954,145.6639969244288,-197.9898987322333,0.0,-1.6,-97.58073580374356,-270.1147904132612,366.2813126546316,123.0,-1.0,0.02,0.05,0.01,0.05,0.0,0.0,0.0,0.0,60.0,269.50069573194054,269.59912370035624,269.35188415899376,144.68691198584617,144.71703424269032,144.42436601903432
0.36822916666666666,88.24692629208114,116.53119753954304,-206.4751801064719,0.8,-0.8,-168.29141392239833,-212.13203435596427,379.0092347159895,31.0,-1.0,0.02,0.05,0.01,0.05,0.0,0.0,0.0,0.0,60.0,269.4729810203613,269.66819890376394,269.35188415899376,144.6869119858462,144.8286573852012,144.4873177825653
0.36875,124.45079348883237,78.06458864299485,-205.0609665440988,0.0,-1.6,-233.3452377915607,-142.83556979968262,376.1808075912433,-63.0,-1.0,0.01,0.05,0.01,0.04,0.0,0.0,0.0,0.0,60.0,269.43459317615475,269.69149041080254,269.41348332999223,144.71718108089308,144.8475750573685,144.6118425302714
0.3692708333333333,155.56349186104046,38.46660889654819,-193.74725804511402,0.8,0.0,-288.4995667241114,-70.71067811865476,357.7960312803931,-153.0,-1.0,0.01,0.05,0.0,0.05,0.0,0.0,0.0,0.0,60.0,269.43459317615475,269.7029616077658,269.41348332999223,144.81129962817127,144.85682586609443,144.55240399246222
0.3697916666666667,175.3624817342638,0.0,-178.19090885901,0.0,-1.6,-330.92597359530424,2.8284271247461903,328.0975464705581,-235.0,-1.0,0.0,0.05,0.0,0.04,0.0,0.0,0.0,0.0,60.0,269.43459317615475,269.70238226608234,269.4671826030027,144.70336036181052,144.85682586609443,144.55240399246222
0.3703125,193.74725804511402,-38.46660889654819,-155.56349186104046,0.0,0.0,-362.03867196751236,76.36753236814714,285.67113959936523,-310.0,-1.0,0.0,0.04,0.0,0.04,0.0,0.0,0.0,0.0,60.0,269.3750870069465,269.68975230809195,269.4671826030027,144.64395943142597,144.84729890474316,144.55240399246222
0.37083333333333335,205.0609665440988,-78.06458864299485,-126.71353518862932,0.0,0.0,-379.0092347159895,148.49242404917499,230.5168106668145,-373.0,-1.0,0.0,0.04,0.0,0.03,0.0,0.0,0.0,0.0,60.0,269.312782838097,269.6653018094838,269.4671826030027,144.643959431426,144.82810500728098,144.55240399246222
0.37135416666666665,205.0609665440988,-115.39982668964456,-91.64103884177656,0.8,-1.6,-381.8376618407357,216.37467504308356,164.04877323527904,-422.0,-1.0,0.0,0.04,0.0,0.03,0.0,0.0,0.0,0.0,60.0,269.312782838097,269.62972295353495,269.4671826030027,144.58107587094517,144.82810500728098,144.57467793496897
0.371875,195.16147160748713,-145.6639969244288,-52.043059095329895,0.0,-1.6,-366.2813126546316,272.9432175380074,94.75230867899738,-451.0,-1.0,0.0,0.04,0.0,0.03,0.0,0.0,0.0,0.0,60.0,269.312782838097,269.62972295353495,269.4826061177233,144.58107587094517,144.82810500728098,144.5995764170836
0.3723958333333333,183.84776310850236,-168.29141392239833,-13.576450198781712,0.0,0.8,-339.4112549695428,315.36962440920024,22.627416997969522,-463.0,-1.0,0.0,0.04,0.0,0.03,0.0,0.0,0.0,0.0,60.0,269.3683583868009,269.57791081614977,269.4862009454287,144.69256200648326,144.77652606690077,144.5995764170836
0.3729166666666667,162.63455967290594,-186.67619023324855,23.758787847868,0.0,0.0,-301.2274887854693,352.13917703090067,-50.91168824543143,-461.0,-1.0,0.0,0.03,0.0,0.02,0.0,0.0,0.0,0.0,60.0,269.4176590351865,269.57791081614977,269.477735629495,144.74201186939473,144.6616483384591,144.58740436151413
0.3734375,135.76450198781714,-200.8183258569795,64.48813844421313,0.0,0.0,-250.31580054003783,373.3523804664971,-123.03657992645928,-440.0,-1.0,0.0,0.03,0.0,0.02,0.0,0.0,0.0,0.0,60.0,269.45860071632524,269.57791081614977,269.457440980946,144.84022231410722,144.7227694594047,144.6030342005312
0.37395833333333334,101.82337649086286,-202.2325394193526,100.69200564096438,0.8,-0.0,-185.26197667087547,379.0092347159895,-192.33304448274095,-400.0,-1.0,0.0,0.03,0.0,0.02,0.0,0.0,0.0,0.0,60.0,269.45860071632524,269.57791081614977,269.42577827668975,144.86493709659354,144.78429645510593,144.6030342005312
0.37447916666666664,62.22539674441619,-199.40411229460642,134.63313113791867,0.8,-1.6,-115.9655121145938,370.52395334175094,-254.55844122715712,-345.0,-1.0,0.0,0.03,0.0,0.02,0.0,0.0,0.0,0.0,60.0,269.45860071632524,269.57791081614977,269.3839035651537,144.87998481501853,144.78429645510593,144.6030342005312
0.375,24.890158697766477,-189.50461735799476,161.22034611053286,0.8,-2.4,-46.66904755831214,350.7249634685276,-304.05591591021545,-281.0,-1.0,0.0,0.03,0.0,0.02,0.0,0.0,0.0,0.0,60.0,269.46613887462746,269.57791081614977,269.33390057696045,144.885920641034,144.8419138233129,144.6030342005312
0.37552083333333336,-12.445079348883239,-172.5340546095176,183.84776310850236,0.0,-0.8,26.870057685088806,318.1980515339464,-343.65389565666214,-206.0,-1.0,0.0,0.03,0.0,0.02,0.0,0.0,0.0,0.0,60.0,269.4616160049516,269.62995475280565,269.33390057696045,144.88274569457886,144.89433218728743,144.6589955723459
0.37604166666666666,-53.17442994522838,-145.6639969244288,196.57568516986024,0.8,-1.6,100.40916292848975,271.5290039756343,-370.52395334175094,-121.0,-1.0,0.0,0.03,0.0,0.02,0.0,0.0,0.0,0.0,60.0,269.4616160049516,269.6743406407069,269.33390057696045,144.86963104805645,144.89433218728746,144.6589955723459
0.3765625,-90.50966799187809,-115.39982668964456,203.6467529817257,0.0,-1.6,171.11984104714452,212.13203435596427,-381.8376618407357,-29.0,-1.0,0.0,0.04,0.0,0.02,0.0,0.0,0.0,0.0,60.0,269.4616160049516,269.7089866875036,269.33390057696045,144.84740246203935,144.9500862366077,144.7209815472518
0.3770833333333333,-125.58216433873085,-76.93321779309638,200.8183258569795,0.0,-0.8,236.17366491630688,142.83556979968262,-377.5950211536164,66.0,-1.0,0.0,0.04,0.0,0.04,0.0,0.0,0.0,0.0,60.0,269.4227625869797,269.7322746724982,269.33390057696045,144.84740246203935,144.95008623660766,144.7209815472518
0.3776041666666667,-155.56349186104046,-37.33523804664971,192.33304448274095,0.8,-0.8,291.3279938488576,69.29646455628166,-359.21024484276614,157.0,-1.0,0.0,0.04,0.0,0.03,0.0,0.0,0.0,0.0,60.0,269.37485498836,269.74351243357086,269.33390057696045,144.84740246203935,144.96774641277972,144.72098154725182
0.378125,-178.19090885901,3.394112549695428,175.3624817342638,0.0,0.0,333.75440072005046,-5.656854249492381,-328.0975464705581,240.0,-1.0,0.01,0.04,0.0,0.04,0.0,0.0,0.0,0.0,60.0,269.3199769790574,269.74246977441277,269.33390057696045,144.7377628678846,144.96774641277972,144.72098154725182
0.37864583333333335,-195.16147160748713,41.860721446243616,152.73506473629428,0.0,0.0,364.86709909225857,-77.78174593052023,-285.67113959936523,313.0,-1.0,0.0,0.05,0.0,0.04,0.0,0.0,0.0,0.0,60.0,269.3199769790574,269.72960998006874,269.33390057696045,144.67794406888703,144.96774641277972,144.76739964508585
0.37916666666666665,-203.6467529817257,79.19595949289332,123.3194226389339,0.0,-0.8,380.42344827836257,-149.9066376115481,-230.5168106668145,374.0,-1.0,0.01,0.04,0.0,0.05,0.0,0.0,0.0,0.0,60.0,269.3199769790574,269.70493136018115,269.3716067071658,144.6155074672146,144.94829250460316,144.85648069727498
0.3796875,-206.4751801064719,117.66256838944152,85.98418459228418,0.8,-1.6,381.8376618407357,-219.20310216782974,-161.22034611053286,424.0,-1.0,0.01,0.05,0.01,0.05,0.0,0.0,0.0,0.0,60.0,269.3825114961994,269.66889420175994,269.39793985849263,144.67837606221602,144.94829250460316,144.87732741875107
0.3802083333333333,-196.57568516986024,149.9066376115481,45.254833995939045,0.0,-1.6,364.86709909225857,-278.60007178749976,-87.6812408671319,455.0,-1.0,0.01,0.05,0.0,0.05,0.0,0.0,0.0,0.0,60.0,269.3825114961994,269.62311659054757,269.4262422259569,144.73819468267527,144.94829250460316,144.88823278651722
0.3807291666666667,-181.01933598375618,172.5340546095176,7.919595949289333,0.0,0.0,337.9970414071697,-322.4406922210657,-15.556349186104047,466.0,-1.0,0.02,0.05,0.0,0.05,0.0,0.0,0.0,0.0,60.0,269.43784069799847,269.62311659054757,269.4308816746885,144.73819468267527,144.94829250460316,144.8900272620583
0.38125,-162.63455967290594,189.50461735799476,-26.021529547664947,0.0,0.8,302.64170234784234,-353.5533905932738,50.91168824543143,464.0,-1.0,0.02,0.06,0.01,0.05,0.0,0.0,0.0,0.0,60.0,269.43784069799847,269.62311659054757,269.4308816746885,144.73819468267527,144.94829250460316,144.87677522639714
0.38177083333333334,-136.89587283771561,200.8183258569795,-63.35676759431466,0.8,-0.0,254.55844122715712,-373.3523804664971,118.79393923933999,443.0,-1.0,0.02,0.05,0.01,0.06,0.0,0.0,0.0,0.0,60.0,269.47947509968174,269.62311659054757,269.4112794594911,144.670746870264,144.94829250460316,144.87677522639714
0.38229166666666664,-100.69200564096438,202.2325394193526,-102.95474734076133,1.6,-0.8,183.84776310850236,-377.5950211536164,193.74725804511402,397.0,-1.0,0.02,0.06,0.01,0.06,0.0,0.0,0.0,0.0,60.0,269.53930603902654,269.62311659054757,269.3793793147501,144.670746870264,144.88640377896056,144.82596452294044
0.3828125,-58.83128419472076,197.9898987322333,-139.15861453751256,0.8,0.0,107.48023074035522,-367.6955262170047,260.2152954766495,337.0,-1.0,0.02,0.06,0.01,0.05,0.0,0.0,0.0,0.0,60.0,269.57408536430205,269.62311659054757,269.3365691843572,144.68498539931502,144.9465677413577,144.75745231248027
0.38333333333333336,-21.496046148071045,186.67619023324855,-165.46298679765212,0.8,-0.0,41.01219330881976,-347.8965363437814,306.88434303496166,275.0,-1.0,0.02,0.05,0.01,0.05,0.0,0.0,0.0,0.0,60.0,269.580692928852,269.62311659054757,269.2860932168611,144.68498539931502,144.8318248866595,144.70671200742555
0.38385416666666666,13.576450198781712,169.7056274847714,-185.26197667087547,0.8,-1.6,-25.455844122715714,-316.7838379715733,342.23968209428904,206.0,-1.0,0.02,0.05,0.01,0.05,0.0,0.0,0.0,0.0,60.0,269.5764038264477,269.62311659054757,269.2860932168611,144.6881646852983,144.72735574175326,144.70671200742558
0.384375,49.780317395532954,147.0782104868019,-196.57568516986024,0.0,-0.0,-94.75230867899738,-271.5290039756343,366.2813126546316,125.0,-1.0,0.01,0.05,0.0,0.05,0.0,0.0,0.0,0.0,60.0,269.5448710326353,269.66750360397526,269.2860932168611,144.6881646852983,144.77204495343705,144.6464482799353
0.3848958333333333,85.98418459228418,114.26845583974608,-203.6467529817257,0.0,-2.4,-165.46298679765212,-213.54624791833737,377.5950211536164,34.0,-1.0,0.01,0.05,0.0,0.05,0.0,0.0,0.0,0.0,60.0,269.49014360454817,269.70238226608234,269.2240006017294,144.6455841012784,144.71566950403124,144.52108842656838
0.3854166666666667,124.45079348883237,78.06458864299485,-202.2325394193526,0.0,-0.0,-231.9310242291876,-144.2497833620557,376.1808075912433,-61.0,-1.0,0.02,0.05,0.01,0.05,0.0,0.0,0.0,0.0,60.0,269.45199015780156,269.7259025381137,269.2240006017294,144.6455841012784,144.71566950403124,144.39648541429256
0.3859375,152.73506473629428,39.59797974644666,-193.74725804511402,0.0,-0.8,-287.08535316173834,-72.12489168102785,357.7960312803931,-151.0,-1.0,0.01,0.05,0.0,0.04,0.0,0.0,0.0,0.0,60.0,269.4047837362952,269.73760397838487,269.2240006017294,144.551357655333,144.7252051302744,144.39648541429256
0.38645833333333335,176.7766952966369,1.1313708498984762,-178.19090885901,0.0,0.0,-329.5117600329312,1.4142135623730951,328.0975464705581,-234.0,-1.0,0.0,0.04,0.0,0.04,0.0,0.0,0.0,0.0,60.0,269.3506079443668,269.737256418167,269.2240006017294,144.60517798474575,144.72534332313742,144.39648541429256
0.38697916666666665,193.74725804511402,-37.33523804664971,-155.56349186104046,0.0,0.8,-362.03867196751236,74.95331880577405,287.08535316173834,-308.0,-1.0,0.0,0.05,0.0,0.04,0.0,0.0,0.0,0.0,60.0,269.3506079443668,269.7248598108821,269.27100660858383,144.60517798474575,144.7160841095419,144.39648541429256
0.3875,203.6467529817257,-76.93321779309638,-126.71353518862932,0.0,-0.0,-379.0092347159895,147.0782104868019,231.9310242291876,-372.0,-1.0,0.0,0.04,0.0,0.03,0.0,0.0,0.0,0.0,60.0,269.3506079443668,269.700644233565,269.30895362018697,144.54270995107294,144.6971492462792,144.39648541429256
0.3880208333333333,203.6467529817257,-114.26845583974608,-89.37829714197962,0.8,-0.0,-381.8376618407357,214.96046148071045,165.46298679765212,-421.0,-1.0,0.0,0.04,0.0,0.03,0.0,0.0,0.0,0.0,60.0,269.3506079443668,269.6653018094838,269.33598905456364,144.48021490847805,144.66908792136627,144.3521562014229
0.3885416666666667,197.9898987322333,-144.2497833620557,-53.17442994522838,0.8,0.8,-367.6955262170047,271.5290039756343,94.75230867899738,-451.0,-1.0,0.0,0.04,0.0,0.02,0.0,0.0,0.0,0.0,60.0,269.41081548445675,269.6206826265374,269.33598905456364,144.60042358167559,144.62479904912573,144.36504078203976
0.3890625,182.43354954612929,-168.29141392239833,-15.839191898578665,0.8,-1.6,-339.4112549695428,315.36962440920024,22.627416997969522,-462.0,-1.0,0.0,0.04,0.0,0.02,0.0,0.0,0.0,0.0,60.0,269.41081548445675,269.6206826265374,269.33598905456364,144.5444395333145,144.62479904912576,144.37224456245045
0.38958333333333334,161.22034611053286,-189.50461735799476,23.758787847868,0.8,-2.4,-301.2274887854693,350.7249634685276,-49.49747468305833,-461.0,-1.0,0.0,0.03,0.0,0.02,0.0,0.0,0.0,0.0,60.0,269.41081548445675,269.56307239679546,269.327751076639,144.4949220561055,144.7397060242973,144.37224456245045
0.39010416666666664,135.76450198781714,-199.40411229460642,62.22539674441619,0.0,-0.8,-250.31580054003783,373.3523804664971,-121.62236636408618,-441.0,-1.0,0.0,0.03,0.0,0.02,0.0,0.0,0.0,0.0,60.0,269.41081548445675,269.56307239679546,269.30767720211765,144.4949220561055,144.67859205839684,144.34121033163052
0.390625,101.82337649086286,-202.2325394193526,100.69200564096438,0.0,-0.0,-186.67619023324855,379.0092347159895,-192.33304448274095,-400.0,-1.0,0.0,0.03,0.0,0.02,0.0,0.0,0.0,0.0,60.0,269.4413201422529,269.56307239679546,269.30767720211765,144.4949220561055,144.67859205839682,144.34121033163052
0.39114583333333336,63.35676759431466,-197.9898987322333,133.5017602880202,0.0,-0.8,-117.3797256769669,371.93816690412405,-253.14422766478404,-346.0,-1.0,0.0,0.03,0.0,0.02,0.0,0.0,0.0,0.0,60.0,269.4604562825499,269.6239279070016,269.266016236732,144.51028510109583,144.6178844403416,144.3083677407516
0.39166666666666666,23.758787847868,-189.50461735799476,161.22034611053286,0.8,-3.2,-48.083261120685236,350.7249634685276,-304.05591591021545,-282.0,-1.0,0.0,0.03,0.0,0.02,0.0,0.0,0.0,0.0,60.0,269.4682263273353,269.62392790700164,269.26601623673196,144.50433384504424,144.6178844403416,144.3083677407516
0.3921875,-13.576450198781712,-171.11984104714452,182.43354954612929,0.0,-1.6,25.455844122715714,318.1980515339464,-343.65389565666214,-207.0,-1.0,0.0,0.04,0.0,0.03,0.0,0.0,0.0,0.0,60.0,269.4639354347813,269.62392790700164,269.26601623673196,144.50751710551253,144.5653658384331,144.252270346085
0.3927083333333333,-53.17442994522838,-148.49242404917499,196.57568516986024,0.0,-3.2,98.99494936611666,271.5290039756343,-370.52395334175094,-123.0,-1.0,0.0,0.04,0.0,0.03,0.0,0.0,0.0,0.0,60.0,269.44758302868485,269.6239279070016,269.26601623673196,144.50751710551253,144.6552626073452,144.25227034608503
0.3932291666666667,-88.24692629208114,-115.39982668964456,205.0609665440988,0.0,0.8,169.7056274847714,213.54624791833737,-381.8376618407357,-31.0,-1.0,0.0,0.04,0.0,0.03,0.0,0.0,0.0,0.0,60.0,269.4196308734759,269.6588122053496,269.26601623673196,144.4637757363416,144.6552626073452,144.31486409930199
0.39375,-124.45079348883237,-79.19595949289332,202.2325394193526,0.0,-0.8,236.17366491630688,142.83556979968262,-379.0092347159895,64.0,-1.0,0.0,0.03,0.0,0.03,0.0,0.0,0.0,0.0,60.0,269.4196308734759,269.6588122053496,269.32809916531176,144.4331765904219,144.69341726561026,144.37656492658357
0.39427083333333335,-155.56349186104046,-37.33523804664971,189.50461735799476,0.8,-2.4,291.3279938488576,70.71067811865476,-360.62445840513925,155.0,-1.0,0.0,0.03,0.0,0.04,0.0,0.0,0.0,0.0,60.0,269.4196308734759,269.6702847923738,269.38715169807193,144.4331765904219,144.69341726561026,144.2596357266994
0.39479166666666665,-178.19090885901,1.1313708498984762,175.3624817342638,0.8,-1.6,333.75440072005046,-4.242640687119286,-329.5117600329312,238.0,-1.0,0.0,0.04,0.0,0.04,0.0,0.0,0.0,0.0,60.0,269.4196308734759,269.6694736153872,269.44108818070043,144.4331765904219,144.6923114750746,144.2596357266994
0.3953125,-195.16147160748713,40.72935059634514,152.73506473629428,0.8,-1.6,364.86709909225857,-76.36753236814714,-287.08535316173834,311.0,-1.0,0.01,0.04,0.0,0.04,0.0,0.0,0.0,0.0,60.0,269.4196308734759,269.65684211604946,269.4880563216114,144.4331765904219,144.6822207460198,144.2596357266994
0.3958333333333333,-205.0609665440988,78.06458864299485,123.3194226389339,0.0,-2.4,380.42344827836257,-148.49242404917499,-230.5168106668145,374.0,-1.0,0.01,0.05,0.0,0.04,0.0,0.0,0.0,0.0,60.0,269.4196308734759,269.6323886331166,269.4880563216114,144.4956919773043,144.6630049459778,144.2596357266994
0.3963541666666667,-205.0609665440988,116.53119753954304,87.11555544218267,0.0,-0.8,381.8376618407357,-217.78888860545666,-162.63455967290594,423.0,-1.0,0.01,0.05,0.01,0.05,0.0,0.0,0.0,0.0,60.0,269.4196308734759,269.59657360582315,269.5146099935957,144.43274386370982,144.63438387879972,144.28084592211124
0.396875,-196.57568516986024,148.49242404917499,47.517575695736,0.0,-0.8,366.2813126546316,-277.18585822512665,-89.095454429505,454.0,-1.0,0.01,0.05,0.01,0.05,0.0,0.0,0.0,0.0,60.0,269.47959106396166,269.55101557961154,269.5291032523204,144.43274386370982,144.58878760125214,144.303577571729
0.39739583333333334,-183.84776310850236,172.5340546095176,9.05096679918781,0.0,-0.8,337.9970414071697,-321.0264786586926,-16.970562748477143,466.0,-1.0,0.02,0.06,0.01,0.05,0.0,0.0,0.0,0.0,60.0,269.47959106396166,269.4982606622907,269.53176992703476,144.544344406829,144.58878760125214,144.30565650729014
0.39791666666666664,-164.04877323527904,189.50461735799476,-26.021529547664947,0.0,0.0,304.05591591021545,-353.5533905932738,49.49747468305833,464.0,-1.0,0.01,0.05,0.02,0.06,0.0,0.0,0.0,0.0,60.0,269.52933513812553,269.4982606622907,269.52353793314603,144.594277203491,144.58878760125214,144.30565650729014
0.3984375,-140.28998538741104,200.8183258569795,-62.22539674441619,0.8,-0.8,254.55844122715712,-373.3523804664971,118.79393923933999,443.0,-1.0,0.02,0.05,0.01,0.06,0.0,0.0,0.0,0.0,60.0,269.52933513812553,269.4982606622907,269.52353793314603,144.69590526341787,144.58878760125214,144.290271674843
0.39895833333333336,-101.82337649086286,202.2325394193526,-102.95474734076133,1.6,-1.6,183.84776310850236,-377.5950211536164,193.74725804511402,398.0,-1.0,0.02,0.05,0.01,0.06,0.0,0.0,0.0,0.0,60.0,269.52933513812553,269.4982606622907,269.52353793314603,144.7206446917647,144.58878760125214,144.29027167484304
0.39947916666666666,-57.69991334482228,196.57568516986024,-140.28998538741104,0.8,-0.8,107.48023074035522,-367.6955262170047,258.80108191427644,338.0,-1.0,0.01,0.05,0.0,0.05,0.0,0.0,0.0,0.0,60.0,269.52933513812553,269.4982606622907,269.480982631428,144.70640967144476,144.52847470308404,144.32450415643217
0.4,-21.496046148071045,188.09040379562165,-165.46298679765212,0.0,0.8,41.01219330881976,-349.3107499061545,306.88434303496166,276.0,-1.0,0.02,0.05,0.01,0.06,0.0,0.0,0.0,0.0,60.0,269.52933513812553,269.5554210176453,269.48098263142805,144.70640967144476,144.58576174713747,144.32450415643217
0.4005208333333333,12.445079348883239,169.7056274847714,-185.26197667087547,0.8,-2.4,-25.455844122715714,-318.1980515339464,340.82546853191593,207.0,-1.0,0.02,0.05,0.01,0.06,0.0,0.0,0.0,0.0,60.0,269.52933513812553,269.607469295641,269.4249663635499,144.7032307863235,144.58576174713747,144.3245041564322
0.4010416666666667,46.38620484583752,147.0782104868019,-197.9898987322333,0.0,-3.2,-93.33809511662427,-272.9432175380074,364.86709909225857,127.0,-1.0,0.02,0.06,0.01,0.05,0.0,0.0,0.0,0.0,60.0,269.5139142975739,269.65209066499,269.36499401369883,144.66798194486574,144.58576174713747,144.38490225781922
0.4015625,85.98418459228418,115.39982668964456,-203.6467529817257,0.0,-1.6,-164.04877323527904,-213.54624791833737,377.5950211536164,36.0,-1.0,0.01,0.05,0.0,0.05,0.0,0.0,0.0,0.0,60.0,269.48689671299417,269.65209066499,269.36499401369883,144.66798194486577,144.61383924092468,144.3849022578192
0.40208333333333335,122.18805178903543,79.19595949289332,-203.6467529817257,0.0,-1.6,-230.5168106668145,-145.6639969244288,376.1808075912433,-60.0,-1.0,0.01,0.05,0.0,0.04,0.0,0.0,0.0,0.0,60.0,269.44897476145644,269.67584708312313,269.36499401369883,144.60769343295675,144.6330615730719,144.44700585335787
0.40260416666666665,152.73506473629428,40.72935059634514,-195.16147160748713,0.8,-1.6,-285.67113959936523,-73.53910524340095,359.21024484276614,-150.0,-1.0,0.0,0.05,0.0,0.04,0.0,0.0,0.0,0.0,60.0,269.4019998069799,269.68778244481155,269.42380648339156,144.60769343295675,144.64287918871085,144.5064877436304
0.403125,176.7766952966369,0.0,-178.19090885901,0.0,-1.6,-329.5117600329312,0.0,329.5117600329312,-233.0,-1.0,0.0,0.05,0.0,0.04,0.0,0.0,0.0,0.0,60.0,269.4019998069799,269.6876665700529,269.477735629495,144.60769343295675,144.6427409170609,144.5064877436304
0.4036458333333333,193.74725804511402,-37.33523804664971,-155.56349186104046,0.0,0.0,-362.03867196751236,73.53910524340095,287.08535316173834,-307.0,-1.0,0.0,0.05,0.0,0.04,0.0,0.0,0.0,0.0,60.0,269.4019998069799,269.67549944331245,269.477735629495,144.60769343295675,144.6427409170609,144.5064877436304
0.4041666666666667,203.6467529817257,-75.8018469431979,-127.84490603852781,0.0,0.0,-379.0092347159895,145.6639969244288,233.3452377915607,-371.0,-1.0,0.0,0.05,0.0,0.03,0.0,0.0,0.0,0.0,60.0,269.4019998069799,269.65151121401124,269.5158854316383,144.60769343295675,144.62407303073718,144.5376248594116
0.4046875,206.4751801064719,-113.13708498984761,-90.50966799187809,0.0,2.4,-380.42344827836257,213.54624791833737,166.87720036002523,-420.0,-1.0,0.0,0.04,0.0,0.03,0.0,0.0,0.0,0.0,60.0,269.3394698145818,269.61639416029584,269.5431319844748,144.73297827378528,144.59627415670158,144.55962437693313
0.40520833333333334,196.57568516986024,-144.2497833620557,-50.91168824543143,0.0,1.6,-367.6955262170047,270.1147904132612,96.16652224137047,-450.0,-1.0,0.0,0.04,0.0,0.03,0.0,0.0,0.0,0.0,60.0,269.3394698145818,269.57199873132225,269.55878301402095,144.67272548756384,144.59627415670158,144.53416551113443
0.40572916666666664,182.43354954612929,-166.87720036002523,-14.70782104868019,0.0,0.0,-339.4112549695428,315.36962440920024,24.041630560342618,-463.0,-1.0,0.0,0.03,0.0,0.02,0.0,0.0,0.0,0.0,60.0,269.3394698145818,269.57199873132225,269.56260868302934,144.67272548756384,144.54504488220965,144.53042932199432
0.40625,161.22034611053286,-188.09040379562165,24.890158697766477,0.8,-0.8,-302.64170234784234,350.7249634685276,-49.49747468305833,-461.0,-1.0,0.0,0.03,0.0,0.02,0.0,0.0,0.0,0.0,60.0,269.38900775644134,269.57199873132225,269.56260868302934,144.67272548756384,144.4873091312867,144.53637950356998
0.40677083333333336,134.63313113791867,-199.40411229460642,62.22539674441619,0.8,-1.6,-251.73001410241093,371.93816690412405,-121.62236636408618,-441.0,-1.0,0.0,0.03,0.0,0.02,0.0,0.0,0.0,0.0,60.0,269.4301857624717,269.51089959406096,269.56260868302934,144.6396816229903,144.48730913128668,144.53637950356998
0.40729166666666666,102.95474734076133,-205.0609665440988,100.69200564096438,0.8,-0.8,-188.09040379562165,379.0092347159895,-190.91883092036784,-401.0,-1.0,0.0,0.03,0.0,0.02,0.0,0.0,0.0,0.0,60.0,269.4609201721096,269.51089959406096,269.5311902173847,144.66470716798898,144.61183388644235,144.53637950356998
0.4078125,62.22539674441619,-199.40411229460642,134.63313113791867,0.0,-1.6,-118.79393923933999,371.93816690412405,-253.14422766478404,-347.0,-1.0,0.0,0.03,0.0,0.02,0.0,0.0,0.0,0.0,60.0,269.48028684859304,269.51089959406096,269.5311902173847,144.64936052399264,144.67254404343623,144.56917029574458
0.4083333333333333,27.152900397563425,-189.50461735799476,162.63455967290594,0.8,0.8,-48.083261120685236,352.13917703090067,-302.64170234784234,-283.0,-1.0,0.0,0.03,0.0,0.02,0.0,0.0,0.0,0.0,60.0,269.48028684859304,269.5685209737962,269.4814464856533,144.6680251472315,144.67254404343623,144.6186623503343
0.4088541666666667,-11.313708498984761,-169.7056274847714,183.84776310850236,0.0,2.4,24.041630560342618,318.1980515339464,-342.23968209428904,-208.0,-1.0,0.0,0.03,0.0,0.03,0.0,0.0,0.0,0.0,60.0,269.476228079584,269.56852097379624,269.4251983389824,144.66194212715385,144.6204774573781,144.67461767704796
0.409375,-53.17442994522838,-145.6639969244288,197.9898987322333,0.0,-0.8,97.58073580374356,272.9432175380074,-370.52395334175094,-124.0,-1.0,0.0,0.03,0.0,0.02,0.0,0.0,0.0,0.0,60.0,269.4601083648561,269.61314878914936,269.4251983389824,144.66194212715385,144.53055905240248,144.7348696755554
0.40989583333333335,-89.37829714197962,-117.66256838944152,202.2325394193526,0.8,-3.2,168.29141392239833,213.54624791833737,-381.8376618407357,-32.0,-1.0,0.0,0.04,0.0,0.03,0.0,0.0,0.0,0.0,60.0,269.4323894783253,269.61314878914936,269.4251983389824,144.68364627697218,144.58755997664528,144.61045086714861
0.41041666666666665,-124.45079348883237,-79.19595949289332,203.6467529817257,1.6,0.0,234.7594513539338,145.6639969244288,-379.0092347159895,63.0,-1.0,0.0,0.03,0.0,0.03,0.0,0.0,0.0,0.0,60.0,269.39376384764364,269.6604346210248,269.4251983389824,144.68364627697218,144.58755997664528,144.67245764139076
0.4109375,-154.14927829866738,-37.33523804664971,192.33304448274095,0.8,0.8,289.9137802864845,72.12489168102785,-360.62445840513925,154.0,-1.0,0.0,0.04,0.0,0.04,0.0,0.0,0.0,0.0,60.0,269.34608313469124,269.6721389020379,269.4251983389824,144.63633706645092,144.58755997664528,144.78905345363648
0.4114583333333333,-178.19090885901,0.0,176.7766952966369,0.0,-1.6,333.75440072005046,-2.8284271247461903,-330.92597359530424,237.0,-1.0,0.0,0.04,0.0,0.03,0.0,0.0,0.0,0.0,60.0,269.34608313469124,269.6715594941373,269.479359135352,144.63633706645092,144.58742165209256,144.84278546065042
0.4119791666666667,-193.74725804511402,38.46660889654819,155.56349186104046,0.0,0.0,363.45288552988546,-74.95331880577405,-288.4995667241114,310.0,-1.0,0.0,0.05,0.0,0.04,0.0,0.0,0.0,0.0,60.0,269.28632531192517,269.6591598666732,269.52655249529687,144.57690859884923,144.5680549084064,144.9368224434357
0.4125,-202.2325394193526,78.06458864299485,124.45079348883237,0.0,-0.0,380.42344827836257,-147.0782104868019,-231.9310242291876,373.0,-1.0,0.01,0.05,0.0,0.04,0.0,0.0,0.0,0.0,60.0,269.28632531192517,269.6349383889262,269.56446353330773,144.45235373644834,144.56805490840637,144.9670393572277
0.41302083333333334,-206.4751801064719,116.53119753954304,87.11555544218267,0.0,-2.4,381.8376618407357,-216.37467504308356,-164.04877323527904,423.0,-1.0,0.01,0.05,0.0,0.05,0.0,0.0,0.0,0.0,60.0,269.28632531192517,269.59935552593595,269.5912415120343,144.51529330835544,144.56805490840637,144.9670393572277
0.41354166666666664,-197.9898987322333,147.0782104868019,47.517575695736,0.0,-2.4,367.6955262170047,-275.77164466275354,-90.50966799187809,454.0,-1.0,0.02,0.05,0.01,0.05,0.0,0.0,0.0,0.0,60.0,269.3465472212332,269.55402983446567,269.605962471159,144.57561170543255,144.52287016247635,144.9670393572277
0.4140625,-183.84776310850236,172.5340546095176,10.182337649086286,0.0,-0.8,339.4112549695428,-319.6122650963195,-18.38477631085024,466.0,-1.0,0.02,0.05,0.01,0.05,0.0,0.0,0.0,0.0,60.0,269.4021158046091,269.5015074169345,269.6088602030727,144.57561170543255,144.52287016247635,144.96938469897705
0.41458333333333336,-164.04877323527904,189.50461735799476,-27.152900397563425,0.0,-1.6,304.05591591021545,-352.13917703090067,49.49747468305833,464.0,-1.0,0.02,0.05,0.01,0.06,0.0,0.0,0.0,0.0,60.0,269.4021158046091,269.4436397467938,269.6088602030727,144.57561170543255,144.52287016247638,144.9758686816534
0.41510416666666666,-140.28998538741104,200.8183258569795,-63.35676759431466,0.8,-2.4,255.97265478953022,-373.3523804664971,117.3797256769669,444.0,-1.0,0.02,0.06,0.01,0.05,0.0,0.0,0.0,0.0,60.0,269.4439876857526,269.4436397467938,269.5895027629971,144.57561170543255,144.52287016247635,144.99118076627974
0.415625,-101.82337649086286,202.2325394193526,-102.95474734076133,0.8,-1.6,186.67619023324855,-379.0092347159895,192.33304448274095,399.0,-1.0,0.02,0.06,0.01,0.05,0.0,0.0,0.0,0.0,60.0,269.50475413246426,269.50568175828874,269.55785557093304,144.57561170543255,144.52287016247635,144.99118076627974
0.4161458333333333,-59.96265504461923,196.57568516986024,-138.0272436876141,0.8,-0.8,108.89444430272833,-367.6955262170047,258.80108191427644,338.0,-1.0,0.02,0.06,0.01,0.06,0.0,0.0,0.0,0.0,60.0,269.52249442300734,269.50568175828874,269.55785557093304,144.60438271366468,144.52287016247635,144.9232986789909
0.4166666666666667,-21.496046148071045,186.67619023324855,-165.46298679765212,0.0,-0.0,41.01219330881976,-347.8965363437814,306.88434303496166,275.0,-1.0,0.02,0.05,0.01,0.05,0.0,0.0,0.0,0.0,60.0,269.52249442300734,269.4485108513313,269.5578555709331,144.60438271366468,144.4655581791037,144.9232986789909
0.4171875,12.445079348883239,172.5340546095176,-183.84776310850236,0.0,0.0,-24.041630560342618,-318.1980515339464,340.82546853191593,208.0,-1.0,0.02,0.06,0.01,0.06,0.0,0.0,0.0,0.0,60.0,269.5184362896164,269.4485108513313,269.5578555709331,144.60438271366468,144.57021650395353,144.86700797628149
0.41770833333333335,45.254833995939045,149.9066376115481,-195.16147160748713,0.0,-0.8,-90.50966799187809,-274.35743110038044,363.45288552988546,130.0,-1.0,0.02,0.05,0.01,0.05,0.0,0.0,0.0,0.0,60.0,269.4882882427361,269.4933904569832,269.49814470604434,144.59317929971664,144.6609743503755,144.74702069472798
0.41822916666666665,85.98418459228418,116.53119753954304,-202.2325394193526,0.8,0.0,-161.22034611053286,-216.37467504308356,376.1808075912433,38.0,-1.0,0.02,0.05,0.01,0.05,0.0,0.0,0.0,0.0,60.0,269.43494112679593,269.5638838939668,269.43633292486743,144.59317929971664,144.68931370353513,144.6850458755154
0.41875,122.18805178903543,79.19595949289332,-205.0609665440988,0.0,-2.4,-229.1025971044414,-147.0782104868019,376.1808075912433,-58.0,-1.0,0.01,0.05,0.0,0.04,0.0,0.0,0.0,0.0,60.0,269.39724386117985,269.58787992044455,269.43633292486743,144.59317929971664,144.68931370353513,144.74745248190035
0.4192708333333333,151.32085117392117,39.59797974644666,-195.16147160748713,0.0,-3.2,-285.67113959936523,-74.95331880577405,359.21024484276614,-148.0,-1.0,0.01,0.05,0.0,0.05,0.0,0.0,0.0,0.0,60.0,269.39724386117985,269.6000510014789,269.43633292486743,144.54670525473765,144.6794992388348,144.74745248190035
0.4197916666666667,173.9482681718907,1.1313708498984762,-178.19090885901,0.0,-2.4,-329.5117600329312,-1.4142135623730951,329.5117600329312,-231.0,-1.0,0.01,0.05,0.0,0.04,0.0,0.0,0.0,0.0,60.0,269.39724386117985,269.60016691389495,269.43633292486743,144.43943367377207,144.6796374753545,144.74745248190035
0.4203125,192.33304448274095,-37.33523804664971,-156.97770542341357,0.8,-1.6,-360.62445840513925,72.12489168102785,288.4995667241114,-306.0,-1.0,0.0,0.04,0.0,0.04,0.0,0.0,0.0,0.0,60.0,269.3379614907635,269.58822767324244,269.4835338197865,144.38035704347044,144.67963747535453,144.79515703227094
0.42083333333333334,202.2325394193526,-75.8018469431979,-126.71353518862932,0.0,0.0,-379.0092347159895,144.2497833620557,233.3452377915607,-370.0,-1.0,0.0,0.04,0.0,0.03,0.0,0.0,0.0,0.0,60.0,269.3379614907635,269.5644635333078,269.4835338197865,144.31822476735223,144.67963747535453,144.76407530875883
0.42135416666666664,203.6467529817257,-115.39982668964456,-91.64103884177656,-0.8,-2.4,-381.8376618407357,212.13203435596427,168.29141392239833,-419.0,-1.0,0.0,0.04,0.0,0.03,0.0,0.0,0.0,0.0,60.0,269.40049183325556,269.5295670237312,269.5110155448196,144.19257955942118,144.73547422798603,144.78631668773124
0.421875,196.57568516986024,-142.83556979968262,-52.043059095329895,0.0,1.6,-367.6955262170047,270.1147904132612,97.58073580374356,-450.0,-1.0,0.0,0.03,0.0,0.03,0.0,0.0,0.0,0.0,60.0,269.40049183325556,269.5295670237312,269.52690032722154,144.19257955942118,144.691637629823,144.79888639074542
0.42239583333333336,182.43354954612929,-168.29141392239833,-15.839191898578665,0.0,-1.6,-340.82546853191593,313.95541084682714,25.455844122715714,-462.0,-1.0,0.0,0.04,0.0,0.02,0.0,0.0,0.0,0.0,60.0,269.45628124057527,269.47796755950196,269.53095833317553,144.19257955942118,144.74281502029731,144.80261565317113
0.42291666666666666,161.22034611053286,-186.67619023324855,22.627416997969522,0.0,-1.6,-302.64170234784234,350.7249634685276,-48.083261120685236,-461.0,-1.0,0.0,0.04,0.0,0.03,0.0,0.0,0.0,0.0,60.0,269.45628124057527,269.47796755950196,269.52295820578996,144.19257955942118,144.68559016018148,144.7910131879738
0.4234375,136.89587283771561,-199.40411229460642,62.22539674441619,0.0,0.0,-253.14422766478404,371.93816690412405,-120.20815280171308,-442.0,-1.0,0.0,0.03,0.0,0.02,0.0,0.0,0.0,0.0,60.0,269.4976808805597,269.47796755950196,269.50313077958856,144.2591418247038,144.68559016018148,144.7910131879738
0.4239583333333333,102.95474734076133,-202.2325394193526,99.56063479106591,0.0,-0.0,-189.50461735799476,379.0092347159895,-189.50461735799476,-402.0,-1.0,0.0,0.03,0.0,0.02,0.0,0.0,0.0,0.0,60.0,269.5286394801116,269.47796755950196,269.4719373144447,144.2591418247038,144.56112893859125,144.76656209221795
0.4244791666666667,64.48813844421313,-197.9898987322333,133.5017602880202,0.0,0.0,-120.20815280171308,371.93816690412405,-251.73001410241093,-348.0,-1.0,0.0,0.03,0.0,0.02,0.0,0.0,0.0,0.0,60.0,269.5482331605978,269.47796755950196,269.4305337188048,144.2901937069876,144.50037197183957,144.73381602099764
0.425,24.890158697766477,-189.50461735799476,161.22034611053286,0.0,-1.6,-49.49747468305833,352.13917703090067,-301.2274887854693,-285.0,-1.0,0.0,0.03,0.0,0.02,0.0,0.0,0.0,0.0,60.0,269.556232537851,269.47796755950196,269.38100341338105,144.2774410640832,144.50037197183957,144.68436335692948
0.42552083333333335,-12.445079348883239,-171.11984104714452,182.43354954612929,0.8,-0.8,22.627416997969522,319.6122650963195,-342.23968209428904,-210.0,-1.0,0.0,0.04,0.0,0.02,0.0,0.0,0.0,0.0,60.0,269.55240677834803,269.5302626793511,269.38100341338105,144.2803520927226,144.5524818188882,144.62841180072468
0.42604166666666665,-50.91168824543143,-145.6639969244288,197.9898987322333,0.8,0.8,96.16652224137047,274.35743110038044,-370.52395334175094,-126.0,-1.0,0.0,0.04,0.0,0.02,0.0,0.0,0.0,0.0,60.0,269.53652349913546,269.57512867473514,269.38100341338105,144.2548439394671,144.5524818188882,144.62841180072468
0.4265625,-90.50966799187809,-115.39982668964456,205.0609665440988,0.8,-0.8,168.29141392239833,214.96046148071045,-381.8376618407357,-34.0,-1.0,0.0,0.04,0.0,0.03,0.0,0.0,0.0,0.0,60.0,269.53652349913546,269.6102511033288,269.38100341338105,144.27688657577832,144.49546705692882,144.75281517124287
0.4270833333333333,-124.45079348883237,-79.19595949289332,202.2325394193526,0.0,-0.8,233.3452377915607,145.6639969244288,-379.0092347159895,61.0,-1.0,0.0,0.04,0.0,0.02,0.0,0.0,0.0,0.0,60.0,269.4981447060443,269.6102511033288,269.38100341338105,144.27688657577835,144.49546705692882,144.6908428339541
0.4276041666666667,-155.56349186104046,-39.59797974644666,195.16147160748713,0.8,-0.8,288.4995667241114,73.53910524340095,-362.03867196751236,152.0,-1.0,0.0,0.04,0.0,0.03,0.0,0.0,0.0,0.0,60.0,269.4507144173123,269.62218936875354,269.4402763136944,144.32431361347264,144.51428995085573,144.80915026337252
0.428125,-176.7766952966369,1.1313708498984762,178.19090885901,0.0,2.4,332.34018715767735,-1.4142135623730951,-330.92597359530424,236.0,-1.0,0.0,0.05,0.0,0.04,0.0,0.0,0.0,0.0,60.0,269.3960838616627,269.62184165975873,269.4402763136944,144.2699552921536,144.5144283454078,144.86330625800312
0.42864583333333334,-195.16147160748713,39.59797974644666,155.56349186104046,0.8,0.0,363.45288552988546,-74.95331880577405,-288.4995667241114,309.0,-1.0,0.01,0.05,0.0,0.04,0.0,0.0,0.0,0.0,60.0,269.3960838616627,269.62184165975873,269.4402763136944,144.32951014951863,144.52397724945158,144.86330625800312
0.42916666666666664,-203.6467529817257,78.06458864299485,125.58216433873085,0.0,0.0,380.42344827836257,-145.6639969244288,-233.3452377915607,372.0,-1.0,0.01,0.05,0.0,0.05,0.0,0.0,0.0,0.0,60.0,269.3960838616627,269.5978486561048,269.47843141891707,144.3916375694936,144.52397724945158,144.89381456777235
0.4296875,-206.4751801064719,114.26845583974608,89.37829714197962,0.8,-2.4,381.8376618407357,-214.96046148071045,-165.46298679765212,422.0,-1.0,0.01,0.05,0.01,0.05,0.0,0.0,0.0,0.0,60.0,269.3960838616627,269.56249275446316,269.50544985213196,144.3916375694936,144.4675049967985,144.93687419011079
0.43020833333333336,-199.40411229460642,145.6639969244288,48.64894654563447,0.0,-3.2,367.6955262170047,-274.35743110038044,-93.33809511662427,453.0,-1.0,0.01,0.05,0.0,0.05,0.0,0.0,0.0,0.0,60.0,269.3960838616627,269.5173927597252,269.535595979455,144.45244027014567,144.42272155031563,144.9486029598078
0.43072916666666666,-181.01933598375618,172.5340546095176,9.05096679918781,-0.8,0.8,339.4112549695428,-319.6122650963195,-21.213203435596427,466.0,-1.0,0.02,0.05,0.01,0.05,0.0,0.0,0.0,0.0,60.0,269.3960838616627,269.5173927597252,269.54208855019283,144.34076866914629,144.42272155031563,144.94625728179395
0.43125,-164.04877323527904,188.09040379562165,-27.152900397563425,0.0,-2.4,305.47012947258855,-352.13917703090067,48.083261120685236,465.0,-1.0,0.01,0.05,0.01,0.05,0.0,0.0,0.0,0.0,60.0,269.44607531007017,269.5173927597252,269.5340887531668,144.34076866914629,144.36493687873104,144.94625728179395
0.4317708333333333,-139.15861453751256,199.40411229460642,-62.22539674441619,0.0,-1.6,257.38686835190333,-373.3523804664971,115.9655121145938,445.0,-1.0,0.02,0.06,0.01,0.06,0.0,0.0,0.0,0.0,60.0,269.48817228219866,269.5173927597252,269.5149578409332,144.3065400458344,144.30366419464198,144.930940450961
0.4322916666666667,-104.08611819065979,205.0609665440988,-100.69200564096438,0.0,0.0,188.09040379562165,-379.0092347159895,190.91883092036784,400.0,-1.0,0.02,0.06,0.01,0.06,0.0,0.0,0.0,0.0,60.0,269.5189000793822,269.5173927597252,269.4835338197865,144.3569793948322,144.42834728681208,144.8812531005996
0.4328125,-61.09402589451771,199.40411229460642,-139.15861453751256,0.8,-0.8,108.89444430272833,-367.6955262170047,257.38686835190333,338.0,-1.0,0.02,0.06,0.01,0.06,0.0,0.0,0.0,0.0,60.0,269.5189000793822,269.5173927597252,269.4412041615016,144.37180299490618,144.54946385234365,144.9150699547842
0.43333333333333335,-20.36467529817257,186.67619023324855,-166.87720036002523,0.0,-0.0,39.59797974644666,-347.8965363437814,306.88434303496166,275.0,-1.0,0.03,0.06,0.01,0.06,0.0,0.0,0.0,0.0,60.0,269.51229099987256,269.5173927597252,269.4412041615016,144.36667724928768,144.54946385234365,144.96573733127425
0.43385416666666665,12.445079348883239,172.5340546095176,-183.84776310850236,0.0,0.8,-22.627416997969522,-318.1980515339464,340.82546853191593,209.0,-1.0,0.01,0.05,0.01,0.06,0.0,0.0,0.0,0.0,60.0,269.5084646166053,269.5173927597252,269.4412041615017,144.36667724928768,144.54946385234365,144.96573733127425
0.434375,44.12346314604057,149.9066376115481,-195.16147160748713,0.0,-1.6,-87.6812408671319,-275.77164466275354,362.03867196751236,133.0,-1.0,0.02,0.05,0.01,0.06,0.0,0.0,0.0,0.0,60.0,269.47924317097227,269.56249275446316,269.381699452654,144.35573248056343,144.54946385234365,144.96573733127425
0.4348958333333333,84.8528137423857,117.66256838944152,-203.6467529817257,0.8,-0.8,-158.39191898578665,-217.78888860545666,376.1808075912433,42.0,-1.0,0.02,0.06,0.0,0.05,0.0,0.0,0.0,0.0,60.0,269.42682216141736,269.59808048278086,269.381699452654,144.33481042354268,144.57810173051797,145.02759220231164
0.4354166666666667,121.05668093913694,79.19595949289332,-205.0609665440988,0.0,-3.2,-229.1025971044414,-148.49242404917499,376.1808075912433,-56.0,-1.0,0.01,0.05,0.0,0.05,0.0,0.0,0.0,0.0,60.0,269.42682216141736,269.6223052716522,269.381699452654,144.3050155053524,144.57810173051797,145.02759220231164
0.4359375,151.32085117392117,41.860721446243616,-195.16147160748713,0.0,-0.8,-284.2569260369921,-76.36753236814714,359.21024484276614,-147.0,-1.0,0.01,0.05,0.0,0.04,0.0,0.0,0.0,0.0,60.0,269.3800753582195,269.63470659393977,269.381699452654,144.3050155053524,144.5980203875558,145.02759220231164
0.43645833333333334,173.9482681718907,1.1313708498984762,-178.19090885901,0.8,-1.6,-328.0975464705581,-2.8284271247461903,329.5117600329312,-230.0,-1.0,0.0,0.05,0.0,0.05,0.0,0.0,0.0,0.0,60.0,269.3261266568841,269.6350542863446,269.381699452654,144.3050155053524,144.5980203875558,145.02759220231164
0.43697916666666664,193.74725804511402,-37.33523804664971,-155.56349186104046,0.0,0.8,-360.62445840513925,70.71067811865476,289.9137802864845,-305.0,-1.0,0.0,0.04,0.0,0.03,0.0,0.0,0.0,0.0,60.0,269.3261266568841,269.6233483954978,269.4291418907762,144.3641229668923,144.5980203875558,144.97996413297943
0.4375,202.2325394193526,-75.8018469431979,-126.71353518862932,0.0,0.0,-379.0092347159895,142.83556979968262,234.7594513539338,-369.0,-1.0,0.0,0.05,0.0,0.03,0.0,0.0,0.0,0.0,60.0,269.3261266568841,269.59981917649725,269.46753051156276,144.3641229668923,144.5980203875558,144.97996413297943
0.43802083333333336,206.4751801064719,-112.00571413994913,-92.77240969167504,0.8,0.8,-381.8376618407357,210.7178207935912,169.7056274847714,-418.0,-1.0,0.0,0.04,0.0,0.03,0.0,0.0,0.0,0.0,60.0,269.3261266568841,269.5651590988717,269.4952457836687,144.4896190042731,144.51459268876624,145.00244825519326
0.43854166666666666,196.57568516986024,-142.83556979968262,-54.30580079512685,0.0,0.0,-367.6955262170047,268.70057685088807,98.99494936611666,-449.0,-1.0,0.0,0.03,0.0,0.02,0.0,0.0,0.0,0.0,60.0,269.3261266568841,269.520987123452,269.5113633967963,144.4896190042731,144.51459268876624,145.0283765336977
0.4390625,183.84776310850236,-166.87720036002523,-18.10193359837562,0.8,-1.6,-340.82546853191593,313.95541084682714,26.870057685088806,-462.0,-1.0,0.0,0.03,0.0,0.02,0.0,0.0,0.0,0.0,60.0,269.3261266568841,269.520987123452,269.51565353426133,144.54562428520623,144.4633344485721,145.03665054047545
0.4395833333333333,162.63455967290594,-188.09040379562165,22.627416997969522,0.8,-1.6,-304.05591591021545,349.3107499061545,-46.66904755831214,-462.0,-1.0,0.0,0.03,0.0,0.02,0.0,0.0,0.0,0.0,60.0,269.37589907042536,269.4635875215796,269.5078848568257,144.5951243991304,144.52064731380082,145.03665054047545
0.4401041666666667,138.0272436876141,-199.40411229460642,62.22539674441619,0.0,0.8,-253.14422766478404,371.93816690412405,-118.79393923933999,-442.0,-1.0,0.0,0.03,0.0,0.02,0.0,0.0,0.0,0.0,60.0,269.3758990704254,269.4635875215796,269.4882882427361,144.6287315853942,144.52064731380082,145.03665054047545
0.440625,104.08611819065979,-205.0609665440988,100.69200564096438,0.0,0.0,-190.91883092036784,379.0092347159895,-188.09040379562165,-403.0,-1.0,0.0,0.03,0.0,0.02,0.0,0.0,0.0,0.0,60.0,269.4071036554159,269.4635875215796,269.45732500713353,144.65403554688683,144.64514336817535,145.06105611086664
0.44114583333333335,65.61950929411161,-200.8183258569795,132.3703894381217,0.8,-1.6,-121.62236636408618,371.93816690412405,-250.31580054003783,-349.0,-1.0,0.0,0.04,0.0,0.02,0.0,0.0,0.0,0.0,60.0,269.4269381483596,269.4635875215796,269.41615114910985,144.66993467890973,144.766942013707,145.0286523415287
0.44166666666666665,29.41564209736038,-189.50461735799476,159.80613254815975,0.0,-0.8,-50.91168824543143,352.13917703090067,-301.2274887854693,-286.0,-1.0,0.0,0.03,0.0,0.02,0.0,0.0,0.0,0.0,60.0,269.43517309364046,269.4635875215796,269.41615114910985,144.6964754235569,144.766942013707,144.97973134200518
0.4421875,-9.05096679918781,-171.11984104714452,182.43354954612929,0.0,1.6,21.213203435596427,319.6122650963195,-342.23968209428904,-211.0,-1.0,0.0,0.03,0.0,0.02,0.0,0.0,0.0,0.0,60.0,269.43157758510785,269.4635875215796,269.41615114910985,144.68859664811185,144.76694201370697,144.97973134200518
0.4427083333333333,-47.517575695736,-147.0782104868019,196.57568516986024,0.0,1.6,94.75230867899738,274.35743110038044,-369.10973977937783,-127.0,-1.0,0.0,0.03,0.0,0.02,0.0,0.0,0.0,0.0,60.0,269.41591916588743,269.4635875215796,269.35548073131906,144.65251466877444,144.81161900897317,144.91958114761442
0.4432291666666667,-88.24692629208114,-115.39982668964456,205.0609665440988,0.8,0.8,166.87720036002523,216.37467504308356,-381.8376618407357,-36.0,-1.0,0.0,0.03,0.0,0.02,0.0,0.0,0.0,0.0,60.0,269.3884277395746,269.49895639872153,269.35548073131906,144.6088171585675,144.81161900897317,144.91958114761442
0.44375,-124.45079348883237,-79.19595949289332,203.6467529817257,0.0,0.0,231.9310242291876,147.0782104868019,-379.0092347159895,59.0,-1.0,0.0,0.04,0.0,0.03,0.0,0.0,0.0,0.0,60.0,269.35025988478276,269.52295820578996,269.35548073131906,144.6088171585675,144.81161900897317,144.98145571072186
0.44427083333333334,-155.56349186104046,-39.59797974644666,193.74725804511402,0.8,-0.8,288.4995667241114,73.53910524340095,-362.03867196751236,150.0,-1.0,0.0,0.04,0.0,0.04,0.0,0.0,0.0,0.0,60.0,269.35025988478276,269.52295820578996,269.35548073131906,144.6088171585675,144.81161900897317,144.92216876654862
0.44479166666666664,-178.19090885901,0.0,179.60512242138307,0.0,0.8,332.34018715767735,0.0,-332.34018715767735,234.0,-1.0,0.0,0.04,0.0,0.04,0.0,0.0,0.0,0.0,60.0,269.35025988478276,269.5228422601691,269.40988753199093,144.66304814982993,144.8114808984426,144.97671364739927
0.4453125,-195.16147160748713,39.59797974644666,156.97770542341357,0.0,1.6,363.45288552988546,-73.53910524340095,-289.9137802864845,308.0,-1.0,0.0,0.05,0.0,0.04,0.0,0.0,0.0,0.0,60.0,269.35025988478276,269.51066769239395,269.45732500713353,144.66304814982993,144.8114808984426,145.02434278423743
0.44583333333333336,-205.0609665440988,78.06458864299485,125.58216433873085,0.0,-0.8,380.42344827836257,-145.6639969244288,-234.7594513539338,371.0,-1.0,0.01,0.05,0.01,0.05,0.0,0.0,0.0,0.0,60.0,269.35025988478276,269.51066769239395,269.49570961334433,144.72546424178435,144.81148089844257,145.02434278423743
0.44635416666666666,-206.4751801064719,116.53119753954304,89.37829714197962,0.8,0.0,381.8376618407357,-214.96046148071045,-166.87720036002523,421.0,-1.0,0.02,0.05,0.01,0.05,0.0,0.0,0.0,0.0,60.0,269.35025988478276,269.51066769239395,269.52295820578996,144.72546424178435,144.86781906275803,145.02434278423743
0.446875,-196.57568516986024,147.0782104868019,50.91168824543143,0.0,0.8,367.6955262170047,-272.9432175380074,-94.75230867899738,453.0,-1.0,0.01,0.05,0.0,0.06,0.0,0.0,0.0,0.0,60.0,269.35025988478276,269.46579096427064,269.53837852892116,144.6044950891915,144.9124649572976,145.04861254076164
0.4473958333333333,-183.84776310850236,169.7056274847714,12.445079348883239,0.8,-1.6,340.82546853191593,-318.1980515339464,-22.627416997969522,466.0,-1.0,0.02,0.05,0.01,0.05,0.0,0.0,0.0,0.0,60.0,269.4060596942838,269.41348332999223,269.5419726128011,144.7159631830573,144.80805398871985,145.05647176186247
0.4479166666666667,-166.87720036002523,189.50461735799476,-24.890158697766477,0.8,-1.6,305.47012947258855,-352.13917703090067,46.66904755831214,465.0,-1.0,0.02,0.05,0.0,0.05,0.0,0.0,0.0,0.0,60.0,269.4060596942838,269.41348332999223,269.53420469394973,144.81698795376184,144.86566190785172,145.04378649221758
0.4484375,-140.28998538741104,200.8183258569795,-62.22539674441619,0.0,-1.6,257.38686835190333,-373.3523804664971,115.9655121145938,445.0,-1.0,0.02,0.05,0.01,0.06,0.0,0.0,0.0,0.0,60.0,269.4060596942838,269.41348332999223,269.53420469394973,144.85109595719322,144.9266969885121,145.04378649221758
0.44895833333333335,-102.95474734076133,202.2325394193526,-100.69200564096438,0.0,-0.8,188.09040379562165,-379.0092347159895,189.50461735799476,401.0,-1.0,0.02,0.06,0.01,0.06,0.0,0.0,0.0,0.0,60.0,269.4060596942838,269.41348332999223,269.5030148254375,144.8258264260902,144.80244300425323,145.04378649221758
0.44947916666666665,-61.09402589451771,196.57568516986024,-138.0272436876141,0.0,-1.6,108.89444430272833,-367.6955262170047,257.38686835190333,338.0,-1.0,0.02,0.06,0.01,0.06,0.0,0.0,0.0,0.0,60.0,269.4060596942838,269.41348332999223,269.5030148254375,144.8258264260902,144.68153821410664,145.0099996551962
0.45,-21.496046148071045,186.67619023324855,-166.87720036002523,0.8,-0.8,39.59797974644666,-347.8965363437814,306.88434303496166,275.0,-1.0,0.02,0.06,0.01,0.05,0.0,0.0,0.0,0.0,60.0,269.4060596942838,269.41348332999223,269.5030148254375,144.83093592185338,144.68153821410664,145.0099996551962
0.4505208333333333,12.445079348883239,172.5340546095176,-185.26197667087547,0.0,-0.8,-21.213203435596427,-319.6122650963195,339.4112549695428,210.0,-1.0,0.01,0.05,0.02,0.05,0.0,0.0,0.0,0.0,60.0,269.4024637971969,269.46579096427064,269.44723509436875,144.83093592185338,144.68153821410664,145.06623487221276
0.4510416666666667,44.12346314604057,149.9066376115481,-196.57568516986024,0.0,-2.4,-84.8528137423857,-277.18585822512665,362.03867196751236,136.0,-1.0,0.01,0.05,0.01,0.06,0.0,0.0,0.0,0.0,60.0,269.3741589314016,269.51113149552845,269.44723509436875,144.83093592185338,144.68153821410664,145.12589362343303
0.4515625,82.59007204258876,117.66256838944152,-202.2325394193526,0.8,-1.6,-155.56349186104046,-219.20310216782974,374.7665940288702,45.0,-1.0,0.01,0.05,0.0,0.05,0.0,0.0,0.0,0.0,60.0,269.3226457244173,269.54695787561764,269.38564364123044,144.79005490709645,144.68153821410664,145.06408066782075
0.45208333333333334,118.79393923933999,82.59007204258876,-203.6467529817257,0.8,-1.6,-226.27416997969522,-149.9066376115481,376.1808075912433,-54.0,-1.0,0.01,0.05,0.0,0.05,0.0,0.0,0.0,0.0,60.0,269.24791085540477,269.57141910818365,269.38564364123044,144.7314754985936,144.74082872500074,145.00181033352652
0.45260416666666664,152.73506473629428,41.860721446243616,-195.16147160748713,1.6,0.0,-284.2569260369921,-77.78174593052023,360.62445840513925,-145.0,-1.0,0.01,0.05,0.0,0.04,0.0,0.0,0.0,0.0,60.0,269.2479108554048,269.5840546100603,269.4446835623223,144.7778902318997,144.74082872500074,145.00181033352652
0.453125,173.9482681718907,2.2627416997969525,-179.60512242138307,1.6,-2.4,-328.0975464705581,-2.8284271247461903,330.92597359530424,-229.0,-1.0,0.0,0.04,0.0,0.04,0.0,0.0,0.0,0.0,60.0,269.24791085540477,269.5840546100603,269.49884044277445,144.7778902318997,144.7412432584438,145.05632526711824
0.45364583333333336,190.91883092036784,-37.33523804664971,-156.97770542341357,0.0,-2.4,-360.62445840513925,70.71067811865476,289.9137802864845,-304.0,-1.0,0.0,0.05,0.0,0.03,0.0,0.0,0.0,0.0,60.0,269.24791085540477,269.5840546100603,269.49884044277445,144.66042133216675,144.7412432584438,145.1039282721181
0.45416666666666666,205.0609665440988,-75.8018469431979,-128.97627688842627,0.0,0.0,-379.0092347159895,141.4213562373095,236.17366491630688,-367.0,-1.0,0.0,0.04,0.0,0.03,0.0,0.0,0.0,0.0,60.0,269.24791085540477,269.56075381998767,269.5374510156242,144.7847971991535,144.7412432584438,145.16621507775147
0.4546875,206.4751801064719,-110.87434329005066,-91.64103884177656,0.0,2.4,-381.8376618407357,209.30360723121808,171.11984104714452,-417.0,-1.0,0.0,0.04,0.0,0.03,0.0,0.0,0.0,0.0,60.0,269.24791085540477,269.52632060709766,269.5653909536608,144.78479719915347,144.7140197078362,145.1437563245488
0.4552083333333333,197.9898987322333,-144.2497833620557,-55.43717164502533,0.8,-0.8,-369.10973977937783,267.28636328851496,100.40916292848975,-449.0,-1.0,0.0,0.04,0.0,0.03,0.0,0.0,0.0,0.0,60.0,269.3083734309054,269.4823741917085,269.5817362137131,144.8450033656667,144.75784952809985,145.1571217681034
0.4557291666666667,183.84776310850236,-168.29141392239833,-16.970562748477143,0.8,-1.6,-342.23968209428904,312.54119728445403,28.284271247461902,-463.0,-1.0,0.0,0.04,0.0,0.02,0.0,0.0,0.0,0.0,60.0,269.3644139451238,269.43099765988325,269.5862570681228,144.8450033656667,144.8090035184277,145.15285047149436
0.45625,164.04877323527904,-186.67619023324855,23.758787847868,0.0,0.8,-304.05591591021545,349.3107499061545,-45.254833995939045,-461.0,-1.0,0.0,0.03,0.0,0.02,0.0,0.0,0.0,0.0,60.0,269.36441394512383,269.43099765988325,269.57872226865385,144.89483255106097,144.7518048246722,145.1584995789086
0.45677083333333335,138.0272436876141,-200.8183258569795,61.09402589451771,0.0,-0.8,-254.55844122715712,371.93816690412405,-117.3797256769669,-443.0,-1.0,0.0,0.03,0.0,0.02,0.0,0.0,0.0,0.0,60.0,269.4060596942838,269.43099765988325,269.5593626643304,144.89483255106097,144.81288789330873,145.1434807354433
0.45729166666666665,104.08611819065979,-203.6467529817257,98.42926394116742,0.0,-0.8,-192.33304448274095,379.0092347159895,-186.67619023324855,-404.0,-1.0,0.0,0.04,0.0,0.02,0.0,0.0,0.0,0.0,60.0,269.43749275110173,269.43099765988325,269.5286394801116,144.894832551061,144.75050949823975,145.09496889968307
0.4578125,66.7508801440101,-200.8183258569795,132.3703894381217,0.0,-0.8,-123.03657992645928,371.93816690412405,-248.90158697766475,-350.0,-1.0,0.0,0.03,0.0,0.02,0.0,0.0,0.0,0.0,60.0,269.4575569547086,269.43099765988325,269.48770843955015,144.91098129541462,144.75050949823975,145.0949688996831
0.4583333333333333,27.152900397563425,-189.50461735799476,161.22034611053286,0.0,-0.8,-52.32590180780452,352.13917703090067,-299.8132752230962,-286.0,-1.0,0.0,0.03,0.0,0.02,0.0,0.0,0.0,0.0,60.0,269.46602290455843,269.43099765988325,269.43842060849454,144.89717906156767,144.75050949823975,145.14385105818297
0.4588541666666667,-10.182337649086286,-171.11984104714452,182.43354954612929,0.8,0.8,21.213203435596427,321.0264786586926,-340.82546853191593,-212.0,-1.0,0.0,0.03,0.0,0.02,0.0,0.0,0.0,0.0,60.0,269.46602290455843,269.4835338197865,269.3823954901285,144.89952553407485,144.75050949823975,145.14385105818297
0.459375,-49.780317395532954,-148.49242404917499,197.9898987322333,0.0,0.0,94.75230867899738,275.77164466275354,-369.10973977937783,-128.0,-1.0,0.0,0.03,0.0,0.02,0.0,0.0,0.0,0.0,60.0,269.46602290455843,269.5286394801116,269.3823954901285,144.923264177978,144.79562320733316,145.20390834960332
0.45989583333333334,-85.98418459228418,-117.66256838944152,205.0609665440988,0.8,0.8,165.46298679765212,217.78888860545666,-381.8376618407357,-38.0,-1.0,0.0,0.04,0.0,0.02,0.0,0.0,0.0,0.0,60.0,269.438768554193,269.5642316777209,269.3823954901285,144.88075268992776,144.85251982620116,145.20390834960332
0.46041666666666664,-123.3194226389339,-79.19595949289332,202.2325394193526,0.0,0.0,230.5168106668145,148.49242404917499,-379.0092347159895,57.0,-1.0,0.0,0.04,0.0,0.04,0.0,0.0,0.0,0.0,60.0,269.4008398279411,269.5884595081919,269.3823954901285,144.85051777608533,144.85251982620113,145.14212861881282
0.4609375,-154.14927829866738,-39.59797974644666,192.33304448274095,0.8,-0.8,287.08535316173834,74.95331880577405,-362.03867196751236,149.0,-1.0,0.0,0.04,0.0,0.04,0.0,0.0,0.0,0.0,60.0,269.3536244419221,269.60063056306086,269.3823954901285,144.80326308477999,144.85251982620113,145.08333811985443
0.46145833333333336,-178.19090885901,0.0,178.19090885901,0.8,-0.8,330.92597359530424,1.4142135623730951,-332.34018715767735,233.0,-1.0,0.0,0.04,0.0,0.04,0.0,0.0,0.0,0.0,60.0,269.29920627435945,269.6007464752277,269.3823954901285,144.80326308477999,144.85251982620113,145.02883334013276
0.46197916666666666,-195.16147160748713,38.46660889654819,155.56349186104046,1.6,-0.8,363.45288552988546,-72.12489168102785,-291.3279938488576,307.0,-1.0,0.01,0.05,0.0,0.04,0.0,0.0,0.0,0.0,60.0,269.29920627435945,269.5888072602422,269.43006977692744,144.80326308477999,144.84299258162267,144.98120567852925
0.4625,-203.6467529817257,78.06458864299485,126.71353518862932,0.8,0.8,379.0092347159895,-142.83556979968262,-236.17366491630688,370.0,-1.0,0.01,0.05,0.0,0.05,0.0,0.0,0.0,0.0,60.0,269.2368845459329,269.5415088627353,269.4686902035188,144.74088054174607,144.84299258162267,145.01196502358005
0.4630208333333333,-206.4751801064719,114.26845583974608,89.37829714197962,0.8,-1.6,381.8376618407357,-212.13203435596427,-169.7056274847714,420.0,-1.0,0.01,0.05,0.01,0.04,0.0,0.0,0.0,0.0,60.0,269.2368845459329,269.4714734438508,269.5238857689611,144.74088054174607,144.78664475703553,145.01196502358005
0.4635416666666667,-197.9898987322333,147.0782104868019,50.91168824543143,0.0,0.0,369.10973977937783,-272.9432175380074,-96.16652224137047,453.0,-1.0,0.02,0.05,0.0,0.05,0.0,0.0,0.0,0.0,60.0,269.29734959705786,269.4714734438508,269.53953791605414,144.8011049681597,144.78664475703553,145.01196502358005
0.4640625,-185.26197667087547,169.7056274847714,12.445079348883239,0.0,-2.4,342.23968209428904,-318.1980515339464,-24.041630560342618,466.0,-1.0,0.02,0.06,0.01,0.05,0.0,0.0,0.0,0.0,60.0,269.35339240484797,269.4714734438508,269.54336385821114,144.85742128037487,144.78664475703553,145.01196502358005
0.46458333333333335,-166.87720036002523,189.50461735799476,-23.758787847868,0.0,-0.8,306.88434303496166,-352.13917703090067,45.254833995939045,465.0,-1.0,0.02,0.06,0.01,0.05,0.0,0.0,0.0,0.0,60.0,269.4036237692433,269.4714734438508,269.5358278596743,144.85742128037487,144.78664475703553,145.00603435719495
0.46510416666666665,-142.83556979968262,200.8183258569795,-61.09402589451771,0.8,-2.4,258.80108191427644,-373.3523804664971,114.5512985522207,446.0,-1.0,0.02,0.06,0.01,0.06,0.0,0.0,0.0,0.0,60.0,269.4459593313657,269.4714734438508,269.51692896736563,144.93514066643743,144.78664475703553,144.9909997206723
0.465625,-104.08611819065979,202.2325394193526,-100.69200564096438,0.8,-1.6,189.50461735799476,-379.0092347159895,188.09040379562165,402.0,-1.0,0.02,0.06,0.01,0.06,0.0,0.0,0.0,0.0,60.0,269.4769238728986,269.4714734438508,269.48596902250773,144.9603911418564,144.78664475703553,144.9909997206723
0.4661458333333333,-62.22539674441619,196.57568516986024,-138.0272436876141,0.8,-2.4,108.89444430272833,-367.6955262170047,257.38686835190333,338.0,-1.0,0.02,0.06,0.01,0.05,0.0,0.0,0.0,0.0,60.0,269.4769238728986,269.47147344385087,269.4859690225078,144.97542895263322,144.78664475703553,144.9909997206723
0.4666666666666667,-19.233304448274094,186.67619023324855,-166.87720036002523,0.8,0.8,39.59797974644666,-346.4823227814083,306.88434303496166,274.0,-1.0,0.02,0.05,0.01,0.06,0.0,0.0,0.0,0.0,60.0,269.4769238728986,269.4145272623583,269.4859690225078,144.96549589471283,144.78664475703553,144.9909997206723
0.4671875,9.05096679918781,173.9482681718907,-183.84776310850236,0.8,0.0,-19.79898987322333,-319.6122650963195,339.4112549695428,212.0,-1.0,0.01,0.06,0.01,0.06,0.0,0.0,0.0,0.0,60.0,269.47356085523495,269.4145272623583,269.48596902250773,144.95763174114018,144.83951463602742,144.9347353121397
0.46770833333333334,42.99209229614209,149.9066376115481,-193.74725804511402,1.6,0.0,-82.02438661763952,-278.60007178749976,360.62445840513925,139.0,-1.0,0.02,0.06,0.01,0.06,0.0,0.0,0.0,0.0,60.0,269.44619128872466,269.4601083648561,269.42670617442514,144.9470075579348,144.83951463602742,144.81566731538408
0.46822916666666664,81.45870119269028,119.92531008923847,-200.8183258569795,0.8,0.0,-154.14927829866738,-220.61731573020285,373.3523804664971,48.0,-1.0,0.01,0.05,0.0,0.05,0.0,0.0,0.0,0.0,60.0,269.42079077161065,269.4961734422216,269.36534205424425,144.92699886494583,144.89749825307544,144.7541536537035
0.46875,119.92531008923847,81.45870119269028,-203.6467529817257,0.0,-1.6,-224.85995641732214,-151.32085117392117,376.1808075912433,-51.0,-1.0,0.01,0.05,0.01,0.05,0.0,0.0,0.0,0.0,60.0,269.3837875596822,269.52087117698323,269.36534205424425,144.95611404835606,144.8774827224714,144.7541536537035
0.46927083333333336,149.9066376115481,41.860721446243616,-195.16147160748713,0.0,-2.4,-282.842712474619,-79.19595949289332,360.62445840513925,-144.0,-1.0,0.01,0.04,0.0,0.04,0.0,0.0,0.0,0.0,60.0,269.33726533846004,269.5337409305188,269.36534205424425,144.86381535773523,144.8774827224714,144.7541536537035
0.46979166666666666,176.7766952966369,2.2627416997969525,-179.60512242138307,0.8,-0.8,-328.0975464705581,-4.242640687119286,330.92597359530424,-228.0,-1.0,0.01,0.04,0.0,0.04,0.0,0.0,0.0,0.0,60.0,269.33726533846004,269.5343206346828,269.36534205424425,144.97077291647446,144.8774827224714,144.7541536537035
0.4703125,193.74725804511402,-36.20386719675124,-156.97770542341357,0.0,0.0,-360.62445840513925,69.29646455628166,291.3279938488576,-303.0,-1.0,0.01,0.04,0.0,0.04,0.0,0.0,0.0,0.0,60.0,269.33726533846,269.5228422601691,269.41301935875333,145.08799054366975,144.8685093455441,144.7541536537035
0.4708333333333333,203.6467529817257,-74.67047609329941,-128.97627688842627,0.0,-0.0,-377.5950211536164,140.00714267493643,237.58787847867998,-366.0,-1.0,0.0,0.04,0.0,0.03,0.0,0.0,0.0,0.0,60.0,269.2751845231937,269.499768088954,269.45187418164306,145.0257304756642,144.85014670341207,144.7541536537035
0.4713541666666667,206.4751801064719,-110.87434329005066,-93.90378054157352,0.8,0.8,-381.8376618407357,207.88939366884497,172.5340546095176,-416.0,-1.0,0.0,0.04,0.0,0.03,0.0,0.0,0.0,0.0,60.0,269.2751845231937,269.4655590237832,269.4800549205822,145.02573047566423,144.85014670341207,144.79946477801636
0.471875,197.9898987322333,-144.2497833620557,-54.30580079512685,0.8,-0.0,-369.10973977937783,267.28636328851496,101.82337649086286,-449.0,-1.0,0.0,0.04,0.0,0.03,0.0,0.0,0.0,0.0,60.0,269.2751845231937,269.4655590237832,269.49663727030065,145.02573047566423,144.85014670341207,144.78606631855152
0.47239583333333335,183.84776310850236,-166.87720036002523,-16.970562748477143,0.0,0.0,-342.23968209428904,312.54119728445403,29.698484809834998,-463.0,-1.0,0.0,0.04,0.0,0.02,0.0,0.0,0.0,0.0,60.0,269.2751845231937,269.46555902378327,269.50139146208505,145.02573047566423,144.79900724797804,144.78606631855152
0.47291666666666665,165.46298679765212,-185.26197667087547,21.496046148071045,0.8,0.8,-305.47012947258855,349.3107499061545,-43.84062043356595,-462.0,-1.0,0.0,0.03,0.0,0.02,0.0,0.0,0.0,0.0,60.0,269.32519841262535,269.4655590237832,269.49408620598706,145.07592839613332,144.74223640665497,144.77501510965212
0.4734375,136.89587283771561,-199.40411229460642,61.09402589451771,0.0,-0.8,-255.97265478953022,371.93816690412405,-115.9655121145938,-443.0,-1.0,0.0,0.03,0.0,0.02,0.0,0.0,0.0,0.0,60.0,269.367082250226,269.4655590237832,269.47495245384124,145.04242482804815,144.68112350959956,144.77501510965212
0.4739583333333333,102.95474734076133,-200.8183258569795,97.29789309126895,0.0,-0.8,-193.74725804511402,379.0092347159895,-185.26197667087547,-406.0,-1.0,0.0,0.03,0.0,0.02,0.0,0.0,0.0,0.0,60.0,269.3987518530849,269.4655590237832,269.4444516036654,145.017188636382,144.55752315254992,144.75111398535074
0.4744791666666667,66.7508801440101,-199.40411229460642,131.23901858822322,0.0,-0.8,-124.45079348883237,373.3523804664971,-248.90158697766475,-352.0,-1.0,0.0,0.03,0.0,0.02,0.0,0.0,0.0,0.0,60.0,269.4190509225359,269.5266684393216,269.44445160366547,145.017188636382,144.49633213337978,144.7189172154076
0.475,28.284271247461902,-189.50461735799476,159.80613254815975,0.0,-0.8,-53.74011537017761,353.5533905932738,-299.8132752230962,-288.0,-1.0,0.0,0.04,0.0,0.02,0.0,0.0,0.0,0.0,60.0,269.42775005555757,269.5845182869372,269.4444516036654,145.02394629853376,144.49633213337978,144.66989147711422
0.47552083333333334,-9.05096679918781,-172.5340546095176,182.43354954612929,0.0,0.8,19.79898987322333,321.0264786586926,-340.82546853191593,-213.0,-1.0,0.0,0.04,0.0,0.02,0.0,0.0,0.0,0.0,60.0,269.4243864240949,269.5845182869372,269.4444516036654,145.0216018391743,144.5488758171436,144.66989147711422
0.47604166666666664,-48.64894654563447,-148.49242404917499,196.57568516986024,0.0,0.0,93.33809511662427,275.77164466275354,-369.10973977937783,-130.0,-1.0,0.0,0.04,0.0,0.02,0.0,0.0,0.0,0.0,60.0,269.40895957632887,269.5845182869372,269.4444516036654,145.00960313027548,144.5488758171436,144.60961240526166
0.4765625,-87.11555544218267,-118.79393923933999,205.0609665440988,0.0,-0.8,164.04877323527904,219.20310216782974,-381.8376618407357,-39.0,-1.0,0.0,0.03,0.0,0.03,0.0,0.0,0.0,0.0,60.0,269.38193146534536,269.6203349155994,269.4444516036654,145.03070364581427,144.57779047972755,144.60961240526166
0.47708333333333336,-123.3194226389339,-81.45870119269028,202.2325394193526,0.8,-1.6,230.5168106668145,149.9066376115481,-380.42344827836257,56.0,-1.0,0.0,0.04,0.0,0.03,0.0,0.0,0.0,0.0,60.0,269.38193146534536,269.644789491657,269.50672533352486,145.03070364581427,144.6170719521039,144.60961240526166
0.47760416666666666,-151.32085117392117,-42.99209229614209,193.74725804511402,0.0,-0.8,285.67113959936523,76.36753236814714,-363.45288552988546,147.0,-1.0,0.0,0.04,0.0,0.04,0.0,0.0,0.0,0.0,60.0,269.3349448177863,269.657189779913,269.5662024438524,144.93759001722088,144.64735566196848,144.66859541725012
0.478125,-178.19090885901,-2.2627416997969525,178.19090885901,0.0,-1.6,330.92597359530424,2.8284271247461903,-332.34018715767735,232.0,-1.0,0.0,0.04,0.0,0.04,0.0,0.0,0.0,0.0,60.0,269.3349448177863,269.6575374433283,269.5662024438524,144.93759001722088,144.64790873012993,144.66859541725012
0.4786458333333333,-195.16147160748713,37.33523804664971,155.56349186104046,0.0,-1.6,363.45288552988546,-70.71067811865476,-291.3279938488576,306.0,-1.0,0.0,0.04,0.0,0.04,0.0,0.0,0.0,0.0,60.0,269.3349448177863,269.64583252852253,269.5662024438524,144.93759001722088,144.6386445594676,144.66859541725012
0.4791666666666667,-202.2325394193526,75.8018469431979,127.84490603852781,0.0,0.8,379.0092347159895,-141.4213562373095,-237.58787847867998,369.0,-1.0,0.01,0.05,0.0,0.04,0.0,0.0,0.0,0.0,60.0,269.3349448177863,269.6225370773,269.6050351903688,144.87569671963618,144.60102869620258,144.6996976499951
0.4796875,-202.2325394193526,114.26845583974608,91.64103884177656,0.0,2.4,381.8376618407357,-210.7178207935912,-171.11984104714452,419.0,-1.0,0.01,0.05,0.0,0.05,0.0,0.0,0.0,0.0,60.0,269.3349448177863,269.58787992044455,269.63296812519053,144.6885620911342,144.60102869620258,144.74392042500438
0.48020833333333335,-199.40411229460642,145.6639969244288,53.17442994522838,0.8,-0.0,369.10973977937783,-271.5290039756343,-97.58073580374356,453.0,-1.0,0.02,0.06,0.0,0.05,0.0,0.0,0.0,0.0,60.0,269.3349448177863,269.5432479213679,269.6488457234705,144.7492400670898,144.55628661528354,144.76934240370093
0.48072916666666665,-185.26197667087547,171.11984104714452,12.445079348883239,0.8,-1.6,342.23968209428904,-318.1980515339464,-25.455844122715714,467.0,-1.0,0.02,0.05,0.01,0.05,0.0,0.0,0.0,0.0,60.0,269.3349448177863,269.5432479213679,269.6529018942685,144.7492400670898,144.60837631340726,144.76934240370093
0.48125,-166.87720036002523,188.09040379562165,-21.496046148071045,0.0,0.0,306.88434303496166,-350.7249634685276,43.84062043356595,465.0,-1.0,0.02,0.06,0.0,0.06,0.0,0.0,0.0,0.0,60.0,269.3349448177863,269.485621137752,269.645600742901,144.7492400670898,144.55066585803056,144.75828991805616
0.4817708333333333,-142.83556979968262,200.8183258569795,-61.09402589451771,0.0,-2.4,260.2152954766495,-373.3523804664971,113.13708498984761,446.0,-1.0,0.02,0.06,0.01,0.06,0.0,0.0,0.0,0.0,60.0,269.377523190039,269.485621137752,269.626941346743,144.7492400670898,144.55066585803056,144.75828991805616
0.4822916666666667,-104.08611819065979,202.2325394193526,-100.69200564096438,0.8,-1.6,190.91883092036784,-379.0092347159895,188.09040379562165,402.0,-1.0,0.02,0.06,0.01,0.05,0.0,0.0,0.0,0.0,60.0,269.408727586914,269.485621137752,269.626941346743,144.7492400670898,144.55066585803056,144.75828991805616
0.4828125,-59.96265504461923,196.57568516986024,-139.15861453751256,0.0,-1.6,108.89444430272833,-367.6955262170047,257.38686835190333,337.0,-1.0,0.02,0.06,0.01,0.05,0.0,0.0,0.0,0.0,60.0,269.408727586914,269.485621137752,269.626941346743,144.7193922734614,144.55066585803056,144.7921354908477
0.48333333333333334,-20.36467529817257,188.09040379562165,-166.87720036002523,0.0,0.8,38.18376618407357,-346.4823227814083,308.29855659733477,273.0,-1.0,0.02,0.06,0.01,0.05,0.0,0.0,0.0,0.0,60.0,269.40234779971763,269.485621137752,269.67735351712423,144.72422913942228,144.6079441109651,144.7921354908477
0.48385416666666664,10.182337649086286,172.5340546095176,-182.43354954612929,0.0,0.0,-18.38477631085024,-321.0264786586926,337.9970414071697,214.0,-1.0,0.02,0.05,0.01,0.05,0.0,0.0,0.0,0.0,60.0,269.3992158488959,269.5381466508961,269.62184165975873,144.72657841599104,144.55498953685412,144.7362255967731
0.484375,41.860721446243616,149.9066376115481,-192.33304448274095,0.0,0.0,-79.19595949289332,-280.01428534987286,359.21024484276614,141.0,-1.0,0.01,0.05,0.01,0.05,0.0,0.0,0.0,0.0,60.0,269.3727668120889,269.58393869071654,269.56284054001213,144.71621367352034,144.55498953685412,144.67727015671812
0.48489583333333336,80.3273303427918,117.66256838944152,-200.8183258569795,0.0,-1.6,-149.9066376115481,-223.44574285494903,373.3523804664971,52.0,-1.0,0.01,0.05,0.0,0.05,0.0,0.0,0.0,0.0,60.0,269.2979298100897,269.6567262279953,269.56284054001213,144.69644950723566,144.49686847817844,144.67727015671812
0.48541666666666666,118.79393923933999,82.59007204258876,-202.2325394193526,0.0,-0.8,-223.44574285494903,-152.73506473629428,376.1808075912433,-49.0,-1.0,0.01,0.05,0.0,0.05,0.0,0.0,0.0,0.0,60.0,269.26114183075134,269.68164101399265,269.56284054001213,144.6672820647433,144.5169367236934,144.61526544594108
0.4859375,149.9066376115481,41.860721446243616,-195.16147160748713,0.8,-2.4,-281.4284989122459,-79.19595949289332,360.62445840513925,-142.0,-1.0,0.0,0.05,0.0,0.05,0.0,0.0,0.0,0.0,60.0,269.2148305721659,269.68164101399265,269.56284054001213,144.6672820647433,144.5169367236934,144.6152654459411
0.4864583333333333,175.3624817342638,3.394112549695428,-178.19090885901,0.8,0.8,-326.683332908185,-5.656854249492381,332.34018715767735,-227.0,-1.0,0.01,0.04,0.0,0.04,0.0,0.0,0.0,0.0,60.0,269.1610809533949,269.682452154381,269.61720549697867,144.61348484840548,144.5176286824552,144.5605841853166
0.4869791666666667,192.33304448274095,-33.941125496954285,-158.39191898578665,0.8,0.0,-360.62445840513925,69.29646455628166,291.3279938488576,-303.0,-1.0,0.0,0.04,0.0,0.04,0.0,0.0,0.0,0.0,60.0,269.1610809533949,269.682452154381,269.6172054969786,144.55447934948265,144.50046712727266,144.60878258252507
0.4875,203.6467529817257,-73.53910524340095,-130.10764773832474,0.0,0.0,-377.5950211536164,138.59292911256333,239.0020920410531,-365.0,-1.0,0.01,0.04,0.0,0.03,0.0,0.0,0.0,0.0,60.0,269.1610809533949,269.65962341440735,269.65626267528074,144.55447934948265,144.48233456031917,144.6404507736339
0.48802083333333335,203.6467529817257,-110.87434329005066,-95.035151391472,0.0,-1.6,-381.8376618407357,206.4751801064719,173.9482681718907,-415.0,-1.0,0.0,0.03,0.0,0.03,0.0,0.0,0.0,0.0,60.0,269.1610809533949,269.6256664340396,269.68465380885135,144.42903967000544,144.48233456031917,144.6635406728316
0.48854166666666665,197.9898987322333,-141.4213562373095,-57.69991334482228,0.0,-0.8,-369.10973977937783,265.8721497261419,103.23759005323595,-449.0,-1.0,0.0,0.04,0.0,0.02,0.0,0.0,0.0,0.0,60.0,269.1610809533949,269.58196805424507,269.70145531680026,144.42903967000544,144.3949271962142,144.70459564229466
0.4890625,183.84776310850236,-168.29141392239833,-18.10193359837562,0.0,-1.6,-343.65389565666214,312.54119728445403,31.112698372208094,-463.0,-1.0,0.0,0.03,0.0,0.02,0.0,0.0,0.0,0.0,60.0,269.2173842826648,269.58196805424507,269.70643763173325,144.42903967000544,144.4462097114355,144.70888016980854
0.4895833333333333,164.04877323527904,-186.67619023324855,20.36467529817257,0.0,-1.6,-305.47012947258855,347.8965363437814,-42.42640687119285,-462.0,-1.0,0.0,0.03,0.0,0.02,0.0,0.0,0.0,0.0,60.0,269.2173842826648,269.5248133289401,269.6993696692671,144.37861683781293,144.50309685262803,144.70376636425192
0.4901041666666667,138.0272436876141,-199.40411229460642,58.83128419472076,0.8,-1.6,-257.38686835190333,371.93816690412405,-114.5512985522207,-444.0,-1.0,0.0,0.04,0.0,0.02,0.0,0.0,0.0,0.0,60.0,269.2595170091486,269.52481332894007,269.6804822377771,144.41227440906815,144.50309685262803,144.67446215555807
0.490625,106.34885989045677,-203.6467529817257,97.29789309126895,0.8,0.0,-195.16147160748713,379.0092347159895,-183.84776310850236,-407.0,-1.0,0.0,0.03,0.0,0.02,0.0,0.0,0.0,0.0,60.0,269.29143135272614,269.52481332894007,269.65023641747473,144.48911723725078,144.6267437232824,144.67446215555807
0.49114583333333334,66.7508801440101,-200.8183258569795,131.23901858822322,0.0,-1.6,-125.86500705120547,373.3523804664971,-247.48737341529164,-353.0,-1.0,0.0,0.03,0.0,0.02,0.0,0.0,0.0,0.0,60.0,269.3119705843021,269.52481332894007,269.6095556540977,144.48911723725078,144.6878795891349,144.67446215555807
0.49166666666666664,27.152900397563425,-189.50461735799476,161.22034611053286,0.0,-1.6,-55.15432893255071,353.5533905932738,-298.3990616607231,-289.0,-1.0,0.0,0.03,0.0,0.02,0.0,0.0,0.0,0.0,60.0,269.32090524131246,269.52481332894007,269.56052196121004,144.48233456031917,144.6878795891349,144.7234863455134
0.4921875,-9.05096679918781,-173.9482681718907,181.01933598375618,0.0,-1.6,18.38477631085024,322.4406922210657,-339.4112549695428,-215.0,-1.0,0.0,0.03,0.0,0.02,0.0,0.0,0.0,0.0,60.0,269.3177723433788,269.5775630500432,269.50475413246426,144.48233456031917,144.74078554436548,144.66798194486574
0.49270833333333336,-48.64894654563447,-149.9066376115481,196.57568516986024,0.0,-1.6,91.92388155425118,277.18585822512665,-369.10973977937783,-131.0,-1.0,0.0,0.03,0.0,0.02,0.0,0.0,0.0,0.0,60.0,269.3025714693419,269.622884785398,269.50475413246426,144.48233456031917,144.78633395455526,144.66798194486574
0.49322916666666666,-85.98418459228418,-117.66256838944152,205.0609665440988,0.0,0.8,162.63455967290594,220.61731573020285,-381.8376618407357,-41.0,-1.0,0.0,0.04,0.0,0.03,0.0,0.0,0.0,0.0,60.0,269.275764783985,269.65892809250727,269.50475413246426,144.4611539480424,144.75746094761402,144.66798194486574
0.49375,-123.3194226389339,-80.3273303427918,203.6467529817257,0.0,0.0,229.1025971044414,151.32085117392117,-380.42344827836257,54.0,-1.0,0.0,0.04,0.0,0.03,0.0,0.0,0.0,0.0,60.0,269.2380452313528,269.68361092213223,269.50475413246426,144.4611539480424,144.73770241371113,144.72996407102437
0.4942708333333333,-152.73506473629428,-40.72935059634514,195.16147160748713,0.0,0.8,285.67113959936523,77.78174593052023,-363.45288552988546,146.0,-1.0,0.0,0.04,0.0,0.04,0.0,0.0,0.0,0.0,60.0,269.2380452313528,269.6962411677256,269.50475413246426,144.50765550655095,144.71725018117226,144.78932971735176
0.4947916666666667,-176.7766952966369,-1.1313708498984762,179.60512242138307,0.8,1.6,329.5117600329312,4.242640687119286,-333.75440072005046,230.0,-1.0,0.0,0.04,0.0,0.04,0.0,0.0,0.0,0.0,60.0,269.183835881726,269.6968205226009,269.5593626643304,144.4533661774623,144.71683557900235,144.8439246223327
0.4953125,-195.16147160748713,37.33523804664971,159.80613254815975,0.0,1.6,362.03867196751236,-70.71067811865476,-292.7422074112307,305.0,-1.0,0.0,0.04,0.0,0.04,0.0,0.0,0.0,0.0,60.0,269.1242742674841,269.69682052260094,269.6072374770381,144.4533661774623,144.71683557900235,144.9881891741531
0.49583333333333335,-206.4751801064719,74.67047609329941,127.84490603852781,0.0,-2.4,379.0092347159895,-141.4213562373095,-239.0020920410531,368.0,-1.0,0.01,0.05,0.0,0.04,0.0,0.0,0.0,0.0,60.0,269.1242742674841,269.69682052260094,269.64629609916767,144.64080510008233,144.6984536890426,144.9881891741531
0.49635416666666665,-206.4751801064719,110.87434329005066,92.77240969167504,1.6,-2.4,381.8376618407357,-209.30360723121808,-172.5340546095176,418.0,-1.0,0.01,0.05,0.01,0.05,0.0,0.0,0.0,0.0,60.0,269.1242742674841,269.66240468407904,269.6744565211915,144.82800143618638,144.61591371629888,145.01067202106194
0.496875,-200.8183258569795,144.2497833620557,53.17442994522838,1.6,-2.4,369.10973977937783,-270.1147904132612,-98.99494936611666,452.0,-1.0,0.02,0.06,0.0,0.05,0.0,0.0,0.0,0.0,60.0,269.1242742674841,269.61801683121996,269.69056342408425,144.88905238146876,144.57160855437698,145.01067202106194
0.4973958333333333,-186.67619023324855,171.11984104714452,13.576450198781712,0.8,-1.6,343.65389565666214,-316.7838379715733,-26.870057685088806,467.0,-1.0,0.02,0.06,0.0,0.06,0.0,0.0,0.0,0.0,60.0,269.18058529544805,269.5659705897612,269.69485071094704,144.945765719458,144.57160855437698,145.01384416668637
0.4979166666666667,-166.87720036002523,189.50461735799476,-22.627416997969522,0.8,-0.0,308.29855659733477,-350.7249634685276,43.84062043356595,466.0,-1.0,0.02,0.06,0.01,0.05,0.0,0.0,0.0,0.0,60.0,269.2310810437755,269.5659705897612,269.69485071094704,144.945765719458,144.62931065313145,145.01922286372934
0.4984375,-141.4213562373095,200.8183258569795,-59.96265504461923,0.0,-0.8,260.2152954766495,-371.93816690412405,111.72287142747452,447.0,-1.0,0.02,0.05,0.01,0.06,0.0,0.0,0.0,0.0,60.0,269.2310810437755,269.5048700858669,269.67642648181175,144.9024240652999,144.62931065313145,145.00446544848197
0.49895833333333334,-105.21748904055829,203.6467529817257,-97.29789309126895,1.6,0.8,190.91883092036784,-377.5950211536164,186.67619023324855,402.0,-1.0,0.02,0.06,0.01,0.06,0.0,0.0,0.0,0.0,60.0,269.2310810437755,269.44282788747597,269.6457166357367,144.92795624033343,144.69130934510198,144.93203579609306
0.49947916666666664,-59.96265504461923,196.57568516986024,-136.89587283771561,1.6,0.0,107.48023074035522,-366.2813126546316,257.38686835190333,336.0,-1.0,0.02,0.06,0.01,0.05,0.0,0.0,0.0,0.0,60.0,269.2133215500303,269.3826275022203,269.6457166357367,144.92795624033343,144.69130934510198,144.864678234551
0.5,-19.233304448274094,185.26197667087547,-166.87720036002523,0.8,0.0,38.18376618407357,-346.4823227814083,308.29855659733477,273.0,-1.0,0.02,0.05,0.02,0.06,0.0,0.0,0.0,0.0,60.0,269.2133215500303,269.3826275022203,269.6457166357367,144.9231261738443,144.5772284974366,144.864678234551
0.5005208333333333,10.182337649086286,172.5340546095176,-179.60512242138307,1.6,2.4,-16.970562748477143,-321.0264786586926,336.58282784479667,215.0,-1.0,0.01,0.05,0.01,0.06,0.0,0.0,0.0,0.0,60.0,269.2104195606106,269.3826275022203,269.59043009721245,144.92312617384434,144.5772284974366,144.75418819502252
0.5010416666666667,41.860721446243616,152.73506473629428,-190.91883092036784,0.8,2.4,-77.78174593052023,-281.4284989122459,357.7960312803931,144.0,-1.0,0.02,0.06,0.0,0.05,0.0,0.0,0.0,0.0,60.0,269.19753434977815,269.4286779465022,269.5316539852045,144.9231261738443,144.66971002943222,144.69567201544072
0.5015625,78.06458864299485,121.05668093913694,-197.9898987322333,0.0,0.8,-147.0782104868019,-224.85995641732214,371.93816690412405,55.0,-1.0,0.02,0.05,0.0,0.05,0.0,0.0,0.0,0.0,60.0,269.148773915097,269.4654430534647,269.47054570026756,144.88447984515113,144.7571932582281,144.57381332731043
0.5020833333333333,115.39982668964456,84.8528137423857,-202.2325394193526,0.0,-1.6,-220.61731573020285,-155.56349186104046,374.7665940288702,-46.0,-1.0,0.01,0.05,0.0,0.05,0.0,0.0,0.0,0.0,60.0,269.07584897199524,269.516001380252,269.40895957632887,144.7987310027267,144.79808355085368,144.57381332731043
0.5026041666666666,149.9066376115481,42.99209229614209,-195.16147160748713,0.8,-2.4,-281.4284989122459,-80.61017305526643,362.03867196751236,-141.0,-1.0,0.01,0.05,0.01,0.04,0.0,0.0,0.0,0.0,60.0,269.07584897199524,269.52910325232045,269.4682263273353,144.79873100272667,144.80844243344376,144.57381332731043
0.503125,173.9482681718907,2.2627416997969525,-181.01933598375618,0.8,-3.2,-326.683332908185,-5.656854249492381,332.34018715767735,-226.0,-1.0,0.0,0.05,0.0,0.04,0.0,0.0,0.0,0.0,60.0,269.0758489719953,269.52910325232045,269.46822632733534,144.74541443513849,144.80775186432527,144.68357716064392
0.5036458333333333,192.33304448274095,-35.07249634685276,-155.56349186104046,0.8,0.8,-360.62445840513925,67.88225099390857,292.7422074112307,-302.0,-1.0,0.0,0.04,0.0,0.04,0.0,0.0,0.0,0.0,60.0,269.07584897199524,269.5178565512868,269.51611732881577,144.74541443513849,144.81617658259037,144.58764642942356
0.5041666666666667,202.2325394193526,-73.53910524340095,-130.10764773832474,0.8,-0.8,-379.0092347159895,137.17871555019022,240.41630560342617,-364.0,-1.0,0.0,0.04,0.0,0.03,0.0,0.0,0.0,0.0,60.0,269.13797576707753,269.49524578366874,269.5554210176453,144.68343892788835,144.81617658259037,144.5876464294236
0.5046875,205.0609665440988,-110.87434329005066,-97.29789309126895,0.0,-2.4,-381.8376618407357,205.0609665440988,175.3624817342638,-415.0,-1.0,0.0,0.04,0.0,0.03,0.0,0.0,0.0,0.0,60.0,269.13797576707753,269.4615000329361,269.5840546100603,144.7458462271025,144.81617658259037,144.63466908041102
0.5052083333333334,197.9898987322333,-141.4213562373095,-57.69991334482228,0.8,-0.8,-370.52395334175094,265.8721497261419,104.65180361560904,-449.0,-1.0,0.0,0.04,0.0,0.02,0.0,0.0,0.0,0.0,60.0,269.1986952048616,269.46150003293604,269.60109421142937,144.7458462271025,144.81617658259037,144.63466908041102
0.5057291666666667,185.26197667087547,-166.87720036002523,-18.10193359837562,0.0,0.0,-343.65389565666214,311.1269837220809,32.526911934581186,-463.0,-1.0,0.0,0.03,0.0,0.03,0.0,0.0,0.0,0.0,60.0,269.1986952048616,269.41035150862336,269.6063102006331,144.8021840304904,144.76502512692767,144.63466908041104
0.50625,165.46298679765212,-188.09040379562165,20.36467529817257,0.0,-1.6,-306.88434303496166,347.8965363437814,-41.01219330881976,-462.0,-1.0,0.0,0.03,0.0,0.02,0.0,0.0,0.0,0.0,60.0,269.24895542972865,269.41035150862336,269.599471438651,144.8524594199215,144.8222185992191,144.63466908041104
0.5067708333333333,140.28998538741104,-200.8183258569795,58.83128419472076,0.8,-0.8,-258.80108191427644,370.52395334175094,-113.13708498984761,-445.0,-1.0,0.0,0.03,0.0,0.02,0.0,0.0,0.0,0.0,60.0,269.29131530741944,269.3494477440041,269.5808088495915,144.9203746889995,144.88327198127462,144.63466908041104
0.5072916666666667,105.21748904055829,-202.2325394193526,96.16652224137047,0.0,-0.8,-196.57568516986024,379.0092347159895,-182.43354954612929,-408.0,-1.0,0.0,0.03,0.0,0.02,0.0,0.0,0.0,0.0,60.0,269.323457946017,269.3494477440041,269.5507837124575,144.89456511546595,144.82135546941964,144.61102136421002
0.5078125,69.01362184380704,-200.8183258569795,128.97627688842627,0.0,-2.4,-127.27922061357856,373.3523804664971,-246.07315985291856,-354.0,-1.0,0.0,0.03,0.0,0.02,0.0,0.0,0.0,0.0,60.0,269.3442267805271,269.3494477440041,269.5103198395193,144.92768886586165,144.82135546941964,144.5473884233126
0.5083333333333333,29.41564209736038,-189.50461735799476,158.39191898578665,0.8,-1.6,-56.568542494923804,354.9676041556469,-298.3990616607231,-290.0,-1.0,0.0,0.03,0.0,0.02,0.0,0.0,0.0,0.0,60.0,269.35339240484797,269.40756763684277,269.5103198395193,144.9414881943745,144.82135546941964,144.44963655198308
0.5088541666666667,-6.788225099390856,-173.9482681718907,179.60512242138307,0.0,-0.8,16.970562748477143,322.4406922210657,-339.4112549695428,-216.0,-1.0,0.0,0.04,0.0,0.02,0.0,0.0,0.0,0.0,60.0,269.35049192455546,269.40756763684277,269.5103198395193,144.93762451482363,144.82135546941964,144.3944597275117
0.509375,-48.64894654563447,-149.9066376115481,195.16147160748713,0.8,-2.4,90.50966799187809,278.60007178749976,-367.6955262170047,-133.0,-1.0,0.0,0.03,0.0,0.03,0.0,0.0,0.0,0.0,60.0,269.33552494982905,269.45314991664134,269.4499025793107,144.93762451482363,144.82135546941964,144.3344986481056
0.5098958333333333,-83.72144289248723,-117.66256838944152,205.0609665440988,0.8,2.4,161.22034611053286,222.03152929257593,-381.8376618407357,-43.0,-1.0,0.0,0.04,0.0,0.03,0.0,0.0,0.0,0.0,60.0,269.3089536201869,269.48944784536553,269.4499025793107,144.89622148282544,144.82135546941964,144.3344986481056
0.5104166666666666,-121.05668093913694,-82.59007204258876,202.2325394193526,1.6,-0.8,227.68838354206832,152.73506473629428,-380.42344827836257,52.0,-1.0,0.0,0.04,0.0,0.03,0.0,0.0,0.0,0.0,60.0,269.2714708245194,269.5143780951213,269.4499025793107,144.83658032417088,144.8611231490354,144.272346622629
0.5109375,-149.9066376115481,-41.860721446243616,193.74725804511402,1.6,0.8,284.2569260369921,79.19595949289332,-363.45288552988546,144.0,-1.0,0.0,0.04,0.0,0.04,0.0,0.0,0.0,0.0,60.0,269.22469704690917,269.5272481586973,269.4499025793107,144.74420541078666,144.87120141698279,144.2127681587175
0.5114583333333333,-178.19090885901,-2.2627416997969525,178.19090885901,0.0,-1.6,329.5117600329312,4.242640687119286,-333.75440072005046,229.0,-1.0,0.0,0.05,0.0,0.04,0.0,0.0,0.0,0.0,60.0,269.22469704690917,269.5272481586973,269.4499025793107,144.79838569542136,144.8716155773794,144.15793422493263
0.5119791666666667,-195.16147160748713,36.20386719675124,155.56349186104046,0.0,-1.6,362.03867196751236,-69.29646455628166,-292.7422074112307,304.0,-1.0,0.01,0.05,0.0,0.05,0.0,0.0,0.0,0.0,60.0,269.2246970469091,269.5157694829748,269.4499025793107,144.79838569542133,144.86264183701743,144.0128379693977
0.5125,-206.4751801064719,73.53910524340095,127.84490603852781,0.0,-3.2,379.0092347159895,-140.00714267493643,-239.0020920410531,367.0,-1.0,0.01,0.05,0.0,0.05,0.0,0.0,0.0,0.0,60.0,269.2246970469091,269.4926947061831,269.4499025793107,144.79838569542136,144.84455460941567,144.0128379693977
0.5130208333333334,-206.4751801064719,112.00571413994913,93.90378054157352,0.0,-0.8,383.2518754031088,-207.88939366884497,-173.9482681718907,418.0,-1.0,0.01,0.05,0.0,0.05,0.0,0.0,0.0,0.0,60.0,269.28748578424506,269.4584847430119,269.47831545413817,144.79838569542136,144.87175363058182,144.03575077042504
0.5135416666666667,-200.8183258569795,144.2497833620557,53.17442994522838,0.0,-1.6,370.52395334175094,-268.70057685088807,-100.40916292848975,452.0,-1.0,0.02,0.05,0.0,0.05,0.0,0.0,0.0,0.0,60.0,269.34817151783307,269.4142952777376,269.4946659954516,144.79838569542136,144.87175363058182,144.03575077042504
0.5140625,-183.84776310850236,171.11984104714452,15.839191898578665,0.0,1.6,343.65389565666214,-315.36962440920024,-28.284271247461902,467.0,-1.0,0.02,0.05,0.01,0.05,0.0,0.0,0.0,0.0,60.0,269.34817151783307,269.36244170262495,269.499188310466,144.6852532222963,144.87175363058182,144.04297101906778
0.5145833333333333,-166.87720036002523,186.67619023324855,-21.496046148071045,0.0,-0.8,309.7127701597078,-350.7249634685276,42.42640687119285,466.0,-1.0,0.02,0.05,0.01,0.05,0.0,0.0,0.0,0.0,60.0,269.3988678521126,269.3624417026249,269.4921149124776,144.6852532222963,144.75695147384113,144.03755586651698
0.5151041666666667,-142.83556979968262,200.8183258569795,-59.96265504461923,0.0,-1.6,261.6295090390226,-371.93816690412405,111.72287142747452,448.0,-1.0,0.02,0.06,0.01,0.06,0.0,0.0,0.0,0.0,60.0,269.44166808420704,269.3624417026249,269.4921149124776,144.72865991226482,144.75695147384116,144.03755586651698
0.515625,-104.08611819065979,202.2325394193526,-99.56063479106591,0.8,-0.8,192.33304448274095,-377.5950211536164,185.26197667087547,403.0,-1.0,0.02,0.06,0.01,0.06,0.0,0.0,0.0,0.0,60.0,269.47309698743584,269.3624417026249,269.4616160049516,144.70309257234277,144.6949809081158,144.08586849514424
0.5161458333333333,-59.96265504461923,196.57568516986024,-138.0272436876141,0.0,-0.8,107.48023074035522,-366.2813126546316,257.38686835190333,335.0,-1.0,0.02,0.06,0.01,0.06,0.0,0.0,0.0,0.0,60.0,269.47309698743584,269.3624417026249,269.4616160049516,144.7030925723428,144.6949809081158,144.11959443462226
0.5166666666666667,-18.10193359837562,185.26197667087547,-166.87720036002523,0.8,0.0,36.76955262170048,-346.4823227814083,308.29855659733477,272.0,-1.0,0.02,0.05,0.01,0.06,0.0,0.0,0.0,0.0,60.0,269.46695066371313,269.3624417026249,269.4616160049516,144.69853143691546,144.6949809081158,144.11959443462226
0.5171875,9.05096679918781,172.5340546095176,-183.84776310850236,0.8,-1.6,-14.142135623730951,-322.4406922210657,336.58282784479667,217.0,-1.0,0.02,0.06,0.0,0.05,0.0,0.0,0.0,0.0,60.0,269.461847948833,269.41522321502174,269.4616160049516,144.696181704978,144.6949809081158,144.28667644657978
0.5177083333333333,39.59797974644666,149.9066376115481,-190.91883092036784,0.0,-0.8,-74.95331880577405,-281.4284989122459,356.38181771802,146.0,-1.0,0.02,0.06,0.01,0.05,0.0,0.0,0.0,0.0,60.0,269.43679685596027,269.41522321502174,269.40304378384445,144.6762765625381,144.60251553828516,144.28667644657978
0.5182291666666666,75.8018469431979,121.05668093913694,-199.40411229460642,0.8,-1.6,-145.6639969244288,-226.27416997969522,370.52395334175094,58.0,-1.0,0.01,0.05,0.0,0.05,0.0,0.0,0.0,0.0,60.0,269.41278737283426,269.4522221099689,269.3421383667992,144.6386704861463,144.60251553828516,144.3475233594259
0.51875,116.53119753954304,85.98418459228418,-200.8183258569795,0.0,0.8,-219.20310216782974,-156.97770542341357,374.7665940288702,-43.0,-1.0,0.01,0.05,0.0,0.05,0.0,0.0,0.0,0.0,60.0,269.3767111314562,269.4778515945235,269.3421383667992,144.66701420849193,144.62339886754148,144.28581011312235
0.5192708333333333,149.9066376115481,45.254833995939045,-195.16147160748713,0.8,0.0,-280.01428534987286,-82.02438661763952,362.03867196751236,-139.0,-1.0,0.01,0.05,0.0,0.04,0.0,0.0,0.0,0.0,60.0,269.33065180183263,269.4911872399541,269.3421383667992,144.66701420849193,144.64497053129776,144.28581011312235
0.5197916666666667,173.9482681718907,2.2627416997969525,-181.01933598375618,0.0,-3.2,-326.683332908185,-7.0710678118654755,333.75440072005046,-225.0,-1.0,0.0,0.05,0.0,0.04,0.0,0.0,0.0,0.0,60.0,269.33065180183263,269.49223087131844,269.3967798619724,144.66701420849193,144.64497053129776,144.28581011312235
0.5203125,192.33304448274095,-35.07249634685276,-159.80613254815975,0.0,-1.6,-360.62445840513925,66.46803743153548,292.7422074112307,-301.0,-1.0,0.0,0.04,0.0,0.04,0.0,0.0,0.0,0.0,60.0,269.33065180183263,269.48121455864043,269.3967798619724,144.66701420849193,144.64497053129776,144.43063213875374
0.5208333333333334,203.6467529817257,-73.53910524340095,-131.23901858822322,0.0,-0.8,-377.5950211536164,135.76450198781714,241.83051916579927,-363.0,-1.0,0.0,0.04,0.0,0.03,0.0,0.0,0.0,0.0,60.0,269.2685694617922,269.45883266280214,269.43633292486743,144.72899674909655,144.64497053129776,144.46261627147697
0.5213541666666667,206.4751801064719,-107.48023074035522,-97.29789309126895,0.8,0.8,-381.8376618407357,203.6467529817257,176.7766952966369,-414.0,-1.0,0.0,0.04,0.0,0.02,0.0,0.0,0.0,0.0,60.0,269.2685694617922,269.4253143266237,269.46521111267776,144.79181606706922,144.56489027422944,144.46261627147697
0.521875,197.9898987322333,-140.28998538741104,-58.83128419472076,0.0,-0.8,-370.52395334175094,264.4579361637688,106.06601717798213,-448.0,-1.0,0.0,0.04,0.0,0.03,0.0,0.0,0.0,0.0,60.0,269.2685694617922,269.3818154590246,269.48249015474084,144.79181606706922,144.53043797069185,144.47687531227967
0.5223958333333333,185.26197667087547,-166.87720036002523,-19.233304448274094,0.0,-0.8,-345.0681092190352,311.1269837220809,33.941125496954285,-463.0,-1.0,0.0,0.03,0.0,0.03,0.0,0.0,0.0,0.0,60.0,269.32508238186807,269.3818154590246,269.4879403609742,144.79181606706922,144.53043797069185,144.4814434451705
0.5229166666666667,165.46298679765212,-186.67619023324855,19.233304448274094,0.0,-1.6,-308.29855659733477,346.4823227814083,-39.59797974644666,-463.0,-1.0,0.0,0.03,0.0,0.02,0.0,0.0,0.0,0.0,60.0,269.3755510435199,269.3248503202035,269.4813305221718,144.79181606706922,144.4731289894422,144.47659845109868
0.5234375,142.83556979968262,-200.8183258569795,56.568542494923804,0.0,-0.8,-258.80108191427644,370.52395334175094,-111.72287142747452,-445.0,-1.0,0.0,0.03,0.0,0.02,0.0,0.0,0.0,0.0,60.0,269.3755510435199,269.32485032020344,269.4628916938286,144.86957064891163,144.4731289894422,144.44835582311072
0.5239583333333333,107.48023074035522,-203.6467529817257,96.16652224137047,0.0,0.0,-197.9898987322333,379.0092347159895,-181.01933598375618,-409.0,-1.0,0.0,0.03,0.0,0.02,0.0,0.0,0.0,0.0,60.0,269.4079156223885,269.32485032020344,269.43308538485024,144.92147011398967,144.53519467589894,144.44835582311072
0.5244791666666667,67.88225099390857,-197.9898987322333,130.10764773832474,0.8,0.0,-128.69343417595167,373.3523804664971,-244.65894629054546,-355.0,-1.0,0.0,0.03,0.0,0.02,0.0,0.0,0.0,0.0,60.0,269.42890991873907,269.32485032020344,269.39283583644163,144.90477045287363,144.41320057390877,144.48005917772878
0.525,32.809754647055804,-189.50461735799476,158.39191898578665,0.8,0.8,-57.9827560572969,354.9676041556469,-296.98484809834997,-292.0,-1.0,0.0,0.03,0.0,0.02,0.0,0.0,0.0,0.0,60.0,269.43830462649515,269.32485032020344,269.34399473535694,144.9275422409419,144.41320057390877,144.48005917772878
0.5255208333333333,-6.788225099390856,-172.5340546095176,179.60512242138307,0.0,0.0,15.556349186104047,322.4406922210657,-337.9970414071697,-218.0,-1.0,0.0,0.03,0.0,0.02,0.0,0.0,0.0,0.0,60.0,269.4356370267304,269.32485032020344,269.2884141585003,144.9275422409419,144.3601745634855,144.48005917772878
0.5260416666666666,-45.254833995939045,-149.9066376115481,195.16147160748713,0.8,0.8,89.095454429505,278.60007178749976,-367.6955262170047,-135.0,-1.0,0.0,0.03,0.0,0.03,0.0,0.0,0.0,0.0,60.0,269.42090676114947,269.32485032020344,269.2884141585003,144.89317616782373,144.3601745634855,144.48005917772875
0.5265625,-83.72144289248723,-119.92531008923847,203.6467529817257,0.8,0.0,159.80613254815975,222.03152929257593,-381.8376618407357,-45.0,-1.0,0.0,0.04,0.0,0.03,0.0,0.0,0.0,0.0,60.0,269.394575854823,269.32485032020344,269.2884141585003,144.89317616782373,144.41835063453675,144.41753702372853
0.5270833333333333,-119.92531008923847,-82.59007204258876,202.2325394193526,0.8,0.0,226.27416997969522,154.14927829866738,-380.42344827836257,50.0,-1.0,0.0,0.04,0.0,0.03,0.0,0.0,0.0,0.0,60.0,269.3573370079234,269.35002784481014,269.2884141585003,144.8637722137595,144.41835063453675,144.41753702372853
0.5276041666666667,-152.73506473629428,-44.12346314604057,195.16147160748713,0.0,-1.6,282.842712474619,80.61017305526643,-364.86709909225857,142.0,-1.0,0.0,0.04,0.0,0.03,0.0,0.0,0.0,0.0,60.0,269.3108102174883,269.36313778986164,269.348171517833,144.95607093185163,144.43939905718247,144.4770310464608
0.528125,-178.19090885901,-4.525483399593905,181.01933598375618,0.8,-0.8,329.5117600329312,5.656854249492381,-335.16861428242356,228.0,-1.0,0.0,0.04,0.0,0.04,0.0,0.0,0.0,0.0,60.0,269.3108102174883,269.3639498893644,269.40304378384445,144.95607093185163,144.44106064412568,144.5868683525582
0.5286458333333334,-193.74725804511402,33.941125496954285,156.97770542341357,0.8,-1.6,362.03867196751236,-67.88225099390857,-294.1564209736038,303.0,-1.0,0.0,0.04,0.01,0.04,0.0,0.0,0.0,0.0,60.0,269.3108102174883,269.35269629242623,269.45117832364366,144.8967736010709,144.42388999054137,144.6346258680818
0.5291666666666667,-205.0609665440988,72.40773439350248,127.84490603852781,0.0,-3.2,379.0092347159895,-138.59292911256333,-240.41630560342617,366.0,-1.0,0.01,0.05,0.01,0.04,0.0,0.0,0.0,0.0,60.0,269.3108102174883,269.3298396019275,269.4904914834659,144.83399980667522,144.40602480506138,144.6346258680818
0.5296875,-206.4751801064719,110.87434329005066,93.90378054157352,0.0,-0.8,383.2518754031088,-206.4751801064719,-175.3624817342638,417.0,-1.0,0.01,0.05,0.01,0.05,0.0,0.0,0.0,0.0,60.0,269.3108102174883,269.29584103732464,269.51913197396584,144.83399980667522,144.37873804684676,144.6346258680818
0.5302083333333333,-197.9898987322333,144.2497833620557,54.30580079512685,0.0,0.8,370.52395334175094,-268.70057685088807,-103.23759005323595,451.0,-1.0,0.02,0.05,0.01,0.05,0.0,0.0,0.0,0.0,60.0,269.3108102174883,269.29584103732464,269.552522711252,144.7122576010754,144.37873804684676,144.6477618216058
0.5307291666666667,-183.84776310850236,166.87720036002523,15.839191898578665,0.0,-0.8,345.0681092190352,-315.36962440920024,-29.698484809834998,467.0,-1.0,0.02,0.05,0.01,0.05,0.0,0.0,0.0,0.0,60.0,269.36731427550745,269.29584103732464,269.55727591738275,144.71225760107538,144.22346376370245,144.6477618216058
0.53125,-166.87720036002523,186.67619023324855,-21.496046148071045,0.8,-1.6,309.7127701597078,-350.7249634685276,41.01219330881976,466.0,-1.0,0.02,0.05,0.01,0.05,0.0,0.0,0.0,0.0,60.0,269.36731427550745,269.2958410373246,269.5504359113522,144.71225760107538,144.22346376370245,144.6477618216058
0.5317708333333333,-142.83556979968262,200.8183258569795,-58.83128419472076,1.6,-0.8,263.0437226013957,-371.93816690412405,110.30865786510142,448.0,-1.0,0.02,0.06,0.01,0.05,0.0,0.0,0.0,0.0,60.0,269.41035150862336,269.2958410373246,269.5322336938571,144.7122576010754,144.22346376370245,144.63324306673067
0.5322916666666667,-107.48023074035522,203.6467529817257,-99.56063479106591,0.8,-2.4,193.74725804511402,-379.0092347159895,185.26197667087547,403.0,-1.0,0.02,0.06,0.01,0.06,0.0,0.0,0.0,0.0,60.0,269.4420160257119,269.3579170917387,269.5322336938571,144.7897700115585,144.28563684580666,144.63324306673067
0.5328125,-59.96265504461923,197.9898987322333,-136.89587283771561,0.8,0.8,106.06601717798213,-364.86709909225857,257.38686835190333,335.0,-1.0,0.02,0.05,0.01,0.06,0.0,0.0,0.0,0.0,60.0,269.42450241208576,269.2979298100897,269.5322336938571,144.7897700115585,144.34605121027732,144.59963692900476
0.5333333333333333,-18.10193359837562,185.26197667087547,-166.87720036002523,1.6,0.0,36.76955262170048,-346.4823227814083,308.29855659733477,272.0,-1.0,0.02,0.06,0.01,0.05,0.0,0.0,0.0,0.0,60.0,269.42450241208576,269.2979298100897,269.5322336938571,144.78977001155852,144.34605121027732,144.59963692900476
0.5338541666666666,7.919595949289333,172.5340546095176,-183.84776310850236,1.6,-1.6,-14.142135623730951,-322.4406922210657,336.58282784479667,218.0,-1.0,0.02,0.05,0.0,0.05,0.0,0.0,0.0,0.0,60.0,269.42450241208576,269.2979298100897,269.5322336938571,144.78769802714595,144.34605121027732,144.59963692900476
0.534375,39.59797974644666,154.14927829866738,-192.33304448274095,0.8,0.8,-72.12489168102785,-284.2569260369921,354.9676041556469,150.0,-1.0,0.01,0.05,0.01,0.05,0.0,0.0,0.0,0.0,60.0,269.40037583492716,269.39074779954865,269.4739087555602,144.78769802714595,144.48562212206446,144.65819195607278
0.5348958333333333,73.53910524340095,125.58216433873085,-199.40411229460642,0.0,0.0,-141.4213562373095,-229.1025971044414,369.10973977937783,61.0,-1.0,0.02,0.05,0.01,0.05,0.0,0.0,0.0,0.0,60.0,269.3297235731697,269.4654430534647,269.41325134447266,144.75122624696485,144.60627579742174,144.65819195607278
0.5354166666666667,115.39982668964456,85.98418459228418,-200.8183258569795,0.8,0.0,-217.78888860545666,-158.39191898578665,374.7665940288702,-41.0,-1.0,0.02,0.05,0.01,0.05,0.0,0.0,0.0,0.0,60.0,269.2938682926145,269.4913031991942,269.41325134447266,144.72289901739808,144.60627579742174,144.65819195607278
0.5359375,149.9066376115481,45.254833995939045,-195.16147160748713,0.8,0.0,-280.01428534987286,-83.43860018001261,363.45288552988546,-138.0,-1.0,0.01,0.05,0.0,0.05,0.0,0.0,0.0,0.0,60.0,269.2938682926145,269.5048700858669,269.4727490860625,144.7228990173981,144.60627579742174,144.65819195607278
0.5364583333333334,172.5340546095176,5.656854249492381,-179.60512242138307,0.8,-0.8,-326.683332908185,-8.485281374238571,333.75440072005046,-224.0,-1.0,0.0,0.04,0.0,0.04,0.0,0.0,0.0,0.0,60.0,269.2938682926145,269.5061455700037,269.4727490860625,144.6699865210473,144.60918020651386,144.6030947110054
0.5369791666666667,192.33304448274095,-33.941125496954285,-161.22034611053286,0.0,-1.6,-360.62445840513925,65.05382386916237,294.1564209736038,-300.0,-1.0,0.0,0.04,0.0,0.04,0.0,0.0,0.0,0.0,60.0,269.2938682926145,269.49536174116247,269.52087117698323,144.6699865210473,144.60074342824106,144.6521430881686
0.5375,203.6467529817257,-70.14499269370552,-131.23901858822322,0.0,1.6,-377.5950211536164,134.35028842544403,243.24473272817235,-362.0,-1.0,0.0,0.04,0.0,0.03,0.0,0.0,0.0,0.0,60.0,269.2938682926145,269.4732129544605,269.5606378906238,144.66998652104726,144.54803699808588,144.6521430881686
0.5380208333333333,205.0609665440988,-107.48023074035522,-97.29789309126895,0.0,0.0,-381.8376618407357,203.6467529817257,178.19090885901,-413.0,-1.0,0.0,0.04,0.0,0.03,0.0,0.0,0.0,0.0,60.0,269.2938682926145,269.47321295446045,269.58973459684995,144.60711427865505,144.54803699808588,144.6521430881686
0.5385416666666667,199.40411229460642,-140.28998538741104,-58.83128419472076,0.0,0.0,-370.52395334175094,263.0437226013957,107.48023074035522,-448.0,-1.0,0.0,0.03,0.0,0.03,0.0,0.0,0.0,0.0,60.0,269.2938682926145,269.42995379133333,269.60723747703804,144.66782641624226,144.54803699808588,144.6521430881686
0.5390625,185.26197667087547,-165.46298679765212,-19.233304448274094,0.0,0.8,-345.0681092190352,309.7127701597078,35.35533905932738,-463.0,-1.0,0.0,0.03,0.0,0.03,0.0,0.0,0.0,0.0,60.0,269.2938682926145,269.3790312923409,269.6129169754298,144.66782641624226,144.49722315670985,144.6521430881686
0.5395833333333333,165.46298679765212,-185.26197667087547,19.233304448274094,0.8,-0.8,-308.29855659733477,346.4823227814083,-38.18376618407357,-463.0,-1.0,0.0,0.04,0.0,0.02,0.0,0.0,0.0,0.0,60.0,269.2938682926145,269.379031292341,269.6065420200333,144.66782641624226,144.44033370219,144.6521430881686
0.5401041666666667,140.28998538741104,-200.8183258569795,57.69991334482228,0.0,-1.6,-260.2152954766495,370.52395334175094,-110.30865786510142,-446.0,-1.0,0.0,0.03,0.0,0.02,0.0,0.0,0.0,0.0,60.0,269.3364531584984,269.3790312923409,269.58834359074206,144.589963344625,144.44033370219,144.66610694976208
0.540625,108.6116015902537,-203.6467529817257,93.90378054157352,0.0,-0.8,-199.40411229460642,380.42344827836257,-179.60512242138307,-410.0,-1.0,0.0,0.03,0.0,0.02,0.0,0.0,0.0,0.0,60.0,269.3690544587481,269.4413201422529,269.5587830140209,144.6163804691571,144.44033370219,144.61964769698483
0.5411458333333333,70.14499269370552,-199.40411229460642,127.84490603852781,0.8,-0.8,-130.10764773832474,373.3523804664971,-243.24473272817235,-357.0,-1.0,0.0,0.03,0.0,0.02,0.0,0.0,0.0,0.0,60.0,269.39028378915225,269.4413201422529,269.5187841320156,144.65012098162933,144.50111591264616,144.55657197097614
0.5416666666666666,31.67838379715733,-190.91883092036784,156.97770542341357,0.8,-1.6,-59.396969619669996,354.9676041556469,-295.57063453597686,-293.0,-1.0,0.0,0.04,0.0,0.02,0.0,0.0,0.0,0.0,60.0,269.39991184111403,269.4413201422529,269.47019779560037,144.64223968122175,144.5592784984762,144.50835615977368
0.5421875,-5.656854249492381,-176.7766952966369,178.19090885901,0.0,-2.4,14.142135623730951,323.85490578343877,-337.9970414071697,-219.0,-1.0,0.0,0.03,0.0,0.02,0.0,0.0,0.0,0.0,60.0,269.3974758604839,269.49431812192256,269.47019779560037,144.64071867907737,144.7193749986504,144.45363442987514
0.5427083333333333,-46.38620484583752,-149.9066376115481,195.16147160748713,0.0,-0.8,87.6812408671319,280.01428534987286,-366.2813126546316,-136.0,-1.0,0.0,0.03,0.0,0.03,0.0,0.0,0.0,0.0,60.0,269.38297551998346,269.5401176077506,269.41000352622393,144.65191841106014,144.7193749986504,144.45363442987514
0.5432291666666667,-84.8528137423857,-122.18805178903543,203.6467529817257,-0.8,-2.4,158.39191898578665,223.44574285494903,-381.8376618407357,-46.0,-1.0,0.0,0.04,0.0,0.02,0.0,0.0,0.0,0.0,60.0,269.3568729399716,269.57663567156555,269.41000352622393,144.67251812282802,144.77851187244605,144.4536344298751
0.54375,-118.79393923933999,-82.59007204258876,200.8183258569795,0.8,0.0,224.85995641732214,155.56349186104046,-380.42344827836257,49.0,-1.0,0.0,0.04,0.0,0.03,0.0,0.0,0.0,0.0,60.0,269.31986094605054,269.6020215057743,269.41000352622393,144.6433458545536,144.77851187244605,144.39196653553827
0.5442708333333334,-149.9066376115481,-42.99209229614209,195.16147160748713,0.8,1.6,282.842712474619,82.02438661763952,-364.86709909225857,141.0,-1.0,0.0,0.04,0.0,0.04,0.0,0.0,0.0,0.0,60.0,269.31986094605054,269.6153510095447,269.41000352622393,144.55084745514293,144.7678745440438,144.39196653553827
0.5447916666666667,-175.3624817342638,-4.525483399593905,181.01933598375618,0.0,0.8,328.0975464705581,7.0710678118654755,-335.16861428242356,226.0,-1.0,0.0,0.04,0.0,0.04,0.0,0.0,0.0,0.0,60.0,269.2659001804722,269.61639416029584,269.410003526224,144.4427135580054,144.7678745440438,144.39196653553827
0.5453125,-192.33304448274095,33.941125496954285,159.80613254815975,0.0,0.8,362.03867196751236,-66.46803743153548,-294.1564209736038,302.0,-1.0,0.01,0.04,0.0,0.04,0.0,0.0,0.0,0.0,60.0,269.2659001804722,269.6053829210389,269.410003526224,144.3836382697153,144.7678745440438,144.48889230664065
0.5458333333333333,-203.6467529817257,72.40773439350248,128.97627688842627,0.0,-1.6,379.0092347159895,-137.17871555019022,-241.83051916579927,365.0,-1.0,0.01,0.05,0.01,0.04,0.0,0.0,0.0,0.0,60.0,269.2659001804722,269.5827794945367,269.44955464798977,144.32107434467082,144.7678745440438,144.52030999136417
0.5463541666666667,-206.4751801064719,109.74297244015217,93.90378054157352,0.8,-2.4,383.2518754031088,-205.0609665440988,-176.7766952966369,416.0,-1.0,0.01,0.05,0.0,0.05,0.0,0.0,0.0,0.0,60.0,269.26590018047216,269.5490447024437,269.4784314189171,144.32107434467082,144.7409323584728,144.5203099913642
0.546875,-200.8183258569795,142.83556979968262,54.30580079512685,0.8,-3.2,371.93816690412405,-267.28636328851496,-104.65180361560904,451.0,-1.0,0.01,0.05,0.01,0.05,0.0,0.0,0.0,0.0,60.0,269.32682283797874,269.5051019925226,269.4954776986063,144.44314625485006,144.6970974138735,144.52030999136417
0.5473958333333333,-186.67619023324855,168.29141392239833,16.970562748477143,0.0,-0.8,346.4823227814083,-313.95541084682714,-31.112698372208094,467.0,-1.0,0.02,0.05,0.0,0.05,0.0,0.0,0.0,0.0,60.0,269.38355554858947,269.4534978433199,269.50046382149327,144.5564682053349,144.7482728739794,144.52432321239218
0.5479166666666667,-166.87720036002523,189.50461735799476,-20.36467529817257,0.8,0.8,311.1269837220809,-349.3107499061545,39.59797974644666,467.0,-1.0,0.02,0.05,0.0,0.05,0.0,0.0,0.0,0.0,60.0,269.4344771925078,269.3960838616627,269.49385428985204,144.5564682053349,144.86308190840066,144.519202876296
0.5484375,-141.4213562373095,200.8183258569795,-57.69991334482228,0.8,0.8,263.0437226013957,-371.93816690412405,108.89444430272833,449.0,-1.0,0.02,0.06,0.01,0.05,0.0,0.0,0.0,0.0,60.0,269.4344771925078,269.3960838616627,269.47588018225304,144.51300979496622,144.86308190840066,144.50494801217016
0.5489583333333333,-106.34885989045677,203.6467529817257,-96.16652224137047,0.0,0.8,193.74725804511402,-377.5950211536164,183.84776310850236,404.0,-1.0,0.03,0.06,0.01,0.06,0.0,0.0,0.0,0.0,60.0,269.4344771925078,269.33401660391877,269.44561139495295,144.48685061278067,144.86308190840066,144.4330986997094
0.5494791666666666,-58.83128419472076,197.9898987322333,-136.89587283771561,0.0,1.6,107.48023074035522,-364.86709909225857,257.38686835190333,335.0,-1.0,0.02,0.06,0.0,0.06,0.0,0.0,0.0,0.0,60.0,269.45199015780156,269.33401660391877,269.445611394953,144.47231568712394,144.8630819084007,144.4330986997094
0.55,-18.10193359837562,185.26197667087547,-166.87720036002523,0.8,0.8,36.76955262170048,-346.4823227814083,308.29855659733477,272.0,-1.0,0.02,0.06,0.02,0.06,0.0,0.0,0.0,0.0,60.0,269.45199015780156,269.3340166039188,269.44561139495295,144.47231568712397,144.86308190840066,144.4330986997094
0.5505208333333333,7.919595949289333,172.5340546095176,-181.01933598375618,0.0,0.0,-12.727922061357857,-323.85490578343877,336.58282784479667,219.0,-1.0,0.02,0.05,0.01,0.06,0.0,0.0,0.0,0.0,60.0,269.4497866022536,269.3870356939992,269.44561139495295,144.47231568712397,144.86308190840066,144.32141213278092
0.5510416666666667,35.07249634685276,154.14927829866738,-190.91883092036784,0.0,-1.6,-70.71067811865476,-284.2569260369921,353.5533905932738,151.0,-1.0,0.02,0.05,0.0,0.05,0.0,0.0,0.0,0.0,60.0,269.43807266234666,269.3870356939992,269.38749970999027,144.43576426910337,144.86308190840066,144.2627204096748
0.5515625,72.40773439350248,124.45079348883237,-197.9898987322333,0.8,-0.8,-138.59292911256333,-230.5168106668145,369.10973977937783,65.0,-1.0,0.02,0.06,0.0,0.05,0.0,0.0,0.0,0.0,60.0,269.3921398259422,269.4247343879177,269.38749970999027,144.41790055252847,144.83256712493915,144.20183771367132
0.5520833333333334,113.13708498984761,85.98418459228418,-200.8183258569795,1.6,-0.8,-214.96046148071045,-161.22034611053286,374.7665940288702,-37.0,-1.0,0.01,0.05,0.0,0.04,0.0,0.0,0.0,0.0,60.0,269.32113730637633,269.47715580360426,269.38749970999027,144.36194096783265,144.83256712493915,144.20183771367132
0.5526041666666667,148.49242404917499,46.38620484583752,-195.16147160748713,0.0,-0.8,-280.01428534987286,-84.8528137423857,363.45288552988546,-136.0,-1.0,0.01,0.05,0.0,0.04,0.0,0.0,0.0,0.0,60.0,269.32113730637633,269.4909553213243,269.38749970999027,144.31625861281188,144.84375202265372,144.20183771367132
0.553125,172.5340546095176,5.656854249492381,-182.43354954612929,0.0,-2.4,-325.2691193458119,-9.899494936611665,335.16861428242356,-223.0,-1.0,0.0,0.04,0.0,0.04,0.0,0.0,0.0,0.0,60.0,269.26764101911687,269.49246278885056,269.44236396676746,144.31625861281188,144.84375202265372,144.3127506494142
0.5536458333333333,190.91883092036784,-31.67838379715733,-161.22034611053286,0.8,-0.8,-359.21024484276614,63.63961030678928,295.57063453597686,-298.0,-1.0,0.0,0.05,0.0,0.04,0.0,0.0,0.0,0.0,60.0,269.20856227096493,269.4819103390801,269.4907234024949,144.25756479297715,144.82773387718254,144.3127506494142
0.5541666666666667,202.2325394193526,-70.14499269370552,-133.5017602880202,0.0,-0.8,-377.5950211536164,132.93607486307096,244.65894629054546,-361.0,-1.0,0.0,0.04,0.0,0.04,0.0,0.0,0.0,0.0,60.0,269.20856227096493,269.4599923921917,269.53072644876687,144.19537960697633,144.8277338771825,144.37759521477008
0.5546875,205.0609665440988,-108.6116015902537,-97.29789309126895,0.8,-0.8,-381.8376618407357,202.2325394193526,179.60512242138307,-413.0,-1.0,0.0,0.04,0.0,0.03,0.0,0.0,0.0,0.0,60.0,269.20856227096493,269.42670617442514,269.56005824305646,144.19537960697633,144.85410763937625,144.37759521477008
0.5552083333333333,197.9898987322333,-140.28998538741104,-57.69991334482228,0.0,-0.0,-371.93816690412405,263.0437226013957,108.89444430272833,-448.0,-1.0,0.0,0.04,0.0,0.03,0.0,0.0,0.0,0.0,60.0,269.2694979012662,269.42670617442514,269.5777948941641,144.13446846608207,144.85410763937625,144.36332636788333
0.5557291666666667,185.26197667087547,-166.87720036002523,-21.496046148071045,0.0,-1.6,-346.4823227814083,309.7127701597078,36.76955262170048,-463.0,-1.0,0.0,0.04,0.0,0.02,0.0,0.0,0.0,0.0,60.0,269.32624268719155,269.42670617442514,269.5837068518793,144.13446846608207,144.90479633193652,144.37330085580228
0.55625,165.46298679765212,-183.84776310850236,18.10193359837562,0.0,-0.8,-309.7127701597078,345.0681092190352,-36.76955262170048,-463.0,-1.0,0.0,0.03,0.0,0.02,0.0,0.0,0.0,0.0,60.0,269.37694314844396,269.36998255187973,269.5775630500432,144.13446846608207,144.84849843888617,144.3687293010505
0.5567708333333333,140.28998538741104,-197.9898987322333,56.568542494923804,0.8,-0.8,-261.6295090390226,370.52395334175094,-108.89444430272833,-447.0,-1.0,0.0,0.03,0.0,0.02,0.0,0.0,0.0,0.0,60.0,269.4197468635141,269.36998255187973,269.5595945241052,144.13446846608207,144.72676842934067,144.3547366732384
0.5572916666666666,108.6116015902537,-203.6467529817257,95.035151391472,0.8,0.0,-200.8183258569795,380.42344827836257,-178.19090885901,-411.0,-1.0,0.0,0.03,0.0,0.02,0.0,0.0,0.0,0.0,60.0,269.4525700378454,269.36998255187973,269.5302626793511,144.13446846608207,144.72676842934067,144.3778722658012
0.5578125,70.14499269370552,-199.40411229460642,127.84490603852781,0.0,-0.8,-131.52186130069785,374.7665940288702,-241.83051916579927,-358.0,-1.0,0.0,0.03,0.0,0.02,0.0,0.0,0.0,0.0,60.0,269.4740247222355,269.4313456151678,269.49049148346586,144.13446846608204,144.72676842934067,144.3778722658012
0.5583333333333333,32.809754647055804,-189.50461735799476,155.56349186104046,0.8,-0.8,-60.81118318204309,356.38181771802,-294.1564209736038,-295.0,-1.0,0.0,0.03,0.0,0.02,0.0,0.0,0.0,0.0,60.0,269.48388170723683,269.4896797652927,269.4421320061137,144.14237752999637,144.6686731811694,144.3300297928328
0.5588541666666667,-5.656854249492381,-173.9482681718907,178.19090885901,0.8,-0.8,12.727922061357857,323.85490578343877,-336.58282784479667,-221.0,-1.0,0.0,0.03,0.0,0.02,0.0,0.0,0.0,0.0,60.0,269.48167841246647,269.4896797652927,269.38680368570397,144.14237752999637,144.56149210630056,144.3300297928328
0.559375,-45.254833995939045,-149.9066376115481,195.16147160748713,0.0,0.0,86.2670273047588,281.4284989122459,-366.2813126546316,-138.0,-1.0,0.0,0.03,0.0,0.02,0.0,0.0,0.0,0.0,60.0,269.4674145420926,269.53571191958963,269.38680368570397,144.13113820406747,144.5614921063006,144.3300297928328
0.5598958333333334,-83.72144289248723,-122.18805178903543,205.0609665440988,0.8,-0.8,156.97770542341357,224.85995641732214,-381.8376618407357,-48.0,-1.0,0.0,0.04,0.0,0.03,0.0,0.0,0.0,0.0,60.0,269.4415521036056,269.5724624289358,269.38680368570397,144.11046110536182,144.5614921063006,144.3925898375675
0.5604166666666667,-119.92531008923847,-84.8528137423857,203.6467529817257,0.8,-0.8,223.44574285494903,156.97770542341357,-380.42344827836257,47.0,-1.0,0.0,0.04,0.0,0.03,0.0,0.0,0.0,0.0,60.0,269.4047837362952,269.59808048278086,269.38680368570397,144.1397412235779,144.6024377387878,144.516331257059
0.5609375,-149.9066376115481,-44.12346314604057,195.16147160748713,0.8,0.8,281.4284989122459,83.43860018001261,-364.86709909225857,139.0,-1.0,0.0,0.04,0.0,0.03,0.0,0.0,0.0,0.0,60.0,269.3584971743049,269.61164199640933,269.38680368570397,144.1397412235779,144.6130872362526,144.516331257059
0.5614583333333333,-175.3624817342638,-6.788225099390856,178.19090885901,0.8,-2.4,328.0975464705581,8.485281374238571,-336.58282784479667,224.0,-1.0,0.0,0.04,0.0,0.04,0.0,0.0,0.0,0.0,60.0,269.3584971743049,269.6129169754298,269.44190004526024,144.1397412235779,144.61585321118844,144.4064402995933
0.5619791666666667,-195.16147160748713,36.20386719675124,159.80613254815975,0.8,0.8,360.62445840513925,-65.05382386916237,-295.57063453597686,300.0,-1.0,0.0,0.05,0.0,0.03,0.0,0.0,0.0,0.0,60.0,269.29920627435945,269.6021374173432,269.4902595642373,144.25850061608153,144.633001075135,144.4064402995933
0.5625,-202.2325394193526,72.40773439350248,132.3703894381217,0.8,1.6,379.0092347159895,-135.76450198781714,-243.24473272817235,364.0,-1.0,0.01,0.04,0.0,0.05,0.0,0.0,0.0,0.0,60.0,269.29920627435945,269.57976556114147,269.53003079434393,144.19631583365782,144.633001075135,144.5023875235285
0.5630208333333333,-205.0609665440988,109.74297244015217,96.16652224137047,1.6,0.8,383.2518754031088,-205.0609665440988,-178.19090885901,415.0,-1.0,0.01,0.05,0.0,0.05,0.0,0.0,0.0,0.0,60.0,269.29920627435945,269.57976556114147,269.5591308043562,144.13323697190737,144.633001075135,144.5488844647374
0.5635416666666667,-200.8183258569795,144.2497833620557,57.69991334482228,0.8,0.8,371.93816690412405,-265.8721497261419,-106.06601717798213,451.0,-1.0,0.02,0.05,0.0,0.05,0.0,0.0,0.0,0.0,60.0,269.29920627435945,269.5360597396942,269.5764038264477,144.13323697190737,144.676855439977,144.58997198976147
0.5640625,-186.67619023324855,168.29141392239833,18.10193359837562,0.0,0.0,346.4823227814083,-313.95541084682714,-33.941125496954285,467.0,-1.0,0.01,0.05,0.01,0.05,0.0,0.0,0.0,0.0,60.0,269.29920627435945,269.5360597396942,269.5870684955048,144.13323697190737,144.676855439977,144.59425991373243
0.5645833333333333,-166.87720036002523,186.67619023324855,-20.36467529817257,0.0,-0.8,311.1269837220809,-349.3107499061545,38.18376618407357,467.0,-1.0,0.02,0.06,0.01,0.05,0.0,0.0,0.0,0.0,60.0,269.29920627435945,269.5360597396942,269.580692928852,144.13323697190734,144.56189850717928,144.59425991373243
0.5651041666666666,-144.2497833620557,199.40411229460642,-56.568542494923804,0.0,-1.6,264.4579361637688,-371.93816690412405,108.89444430272833,450.0,-1.0,0.02,0.06,0.01,0.06,0.0,0.0,0.0,0.0,60.0,269.34248643687835,269.5360597396942,269.58069292885205,144.22080293771768,144.5007093408195,144.58028911300462
0.565625,-107.48023074035522,200.8183258569795,-97.29789309126895,0.0,-2.4,195.16147160748713,-379.0092347159895,183.84776310850236,405.0,-1.0,0.02,0.06,0.01,0.06,0.0,0.0,0.0,0.0,60.0,269.37439095058755,269.59808048278086,269.580692928852,144.24701036763292,144.37695453222443,144.60394185498544
0.5661458333333333,-59.96265504461923,195.16147160748713,-136.89587283771561,0.8,-0.8,107.48023074035522,-364.86709909225857,257.38686835190333,335.0,-1.0,0.02,0.06,0.01,0.06,0.0,0.0,0.0,0.0,60.0,269.37439095058755,269.59808048278086,269.580692928852,144.2615679936968,144.25655964288072,144.60394185498544
0.5666666666666667,-18.10193359837562,186.67619023324855,-166.87720036002523,0.8,0.8,36.76955262170048,-346.4823227814083,308.29855659733477,272.0,-1.0,0.02,0.05,0.01,0.06,0.0,0.0,0.0,0.0,60.0,269.37439095058755,269.59808048278086,269.58069292885205,144.2615679936968,144.31352154250828,144.60394185498544
0.5671875,6.788225099390856,173.9482681718907,-182.43354954612929,0.8,-0.8,-11.313708498984761,-323.85490578343877,335.16861428242356,220.0,-1.0,0.02,0.06,0.0,0.05,0.0,0.0,0.0,0.0,60.0,269.37241878113656,269.5980804827809,269.52562494130314,144.25976570062772,144.3665646886425,144.6594708271809
0.5677083333333334,36.20386719675124,155.56349186104046,-189.50461735799476,0.0,1.6,-67.88225099390857,-285.67113959936523,353.5533905932738,154.0,-1.0,0.02,0.05,0.01,0.05,0.0,0.0,0.0,0.0,60.0,269.34967978447645,269.644789491657,269.52562494130314,144.26849968028364,144.41396227512075,144.6013485414296
0.5682291666666667,72.40773439350248,125.58216433873085,-197.9898987322333,0.0,0.0,-137.17871555019022,-231.9310242291876,367.6955262170047,67.0,-1.0,0.02,0.05,0.01,0.05,0.0,0.0,0.0,0.0,60.0,269.32705489794375,269.6826839083296,269.46521111267776,144.26849968028364,144.44456549140227,144.6013485414296
0.56875,112.00571413994913,89.37829714197962,-200.8183258569795,0.0,0.8,-212.13203435596427,-162.63455967290594,374.7665940288702,-34.0,-1.0,0.01,0.05,0.0,0.05,0.0,0.0,0.0,0.0,60.0,269.2569636982487,269.70921841865174,269.46521111267776,144.24090959225126,144.50893570987228,144.6013485414296
0.5692708333333333,148.49242404917499,47.517575695736,-196.57568516986024,0.0,-0.8,-277.18585822512665,-87.6812408671319,363.45288552988546,-134.0,-1.0,0.01,0.05,0.0,0.05,0.0,0.0,0.0,0.0,60.0,269.165492773498,269.7374881250287,269.46521111267776,144.24090959225126,144.5204224322639,144.66119901341892
0.5697916666666667,175.3624817342638,6.788225099390856,-183.84776310850236,0.0,-0.8,-325.2691193458119,-11.313708498984761,336.58282784479667,-222.0,-1.0,0.0,0.04,0.0,0.04,0.0,0.0,0.0,0.0,60.0,269.165492773498,269.7392259201468,269.5202914438911,144.34746274181614,144.52194470045026,144.71713789320185
0.5703125,192.33304448274095,-31.67838379715733,-161.22034611053286,0.0,-0.8,-359.21024484276614,62.22539674441619,296.98484809834997,-298.0,-1.0,0.0,0.04,0.0,0.04,0.0,0.0,0.0,0.0,60.0,269.165492773498,269.7289148385838,269.56886875156783,144.40612002266386,144.52194470045026,144.71713789320185
0.5708333333333333,203.6467529817257,-70.14499269370552,-133.5017602880202,0.0,0.0,-377.5950211536164,131.52186130069785,246.07315985291856,-360.0,-1.0,0.0,0.04,0.0,0.04,0.0,0.0,0.0,0.0,60.0,269.165492773498,269.7072486975461,269.60909202028034,144.4682144971689,144.52194470045023,144.71713789320185
0.5713541666666667,205.0609665440988,-107.48023074035522,-100.69200564096438,0.0,-2.4,-381.8376618407357,200.8183258569795,181.01933598375618,-412.0,-1.0,0.0,0.04,0.0,0.03,0.0,0.0,0.0,0.0,60.0,269.16549277349804,269.6742247601724,269.6386470816081,144.4682144971689,144.49551031087435,144.7896750462546
0.571875,200.8183258569795,-140.28998538741104,-61.09402589451771,0.0,-0.8,-371.93816690412405,261.6295090390226,110.30865786510142,-447.0,-1.0,0.0,0.04,0.0,0.03,0.0,0.0,0.0,0.0,60.0,269.165492773498,269.6312296452323,269.65661033989136,144.5901621826326,144.49551031087435,144.83317990018722
0.5723958333333333,186.67619023324855,-165.46298679765212,-22.627416997969522,0.0,-0.8,-346.4823227814083,308.29855659733477,38.18376618407357,-463.0,-1.0,0.0,0.04,0.0,0.03,0.0,0.0,0.0,0.0,60.0,269.165492773498,269.5805770080627,269.662752340771,144.64699270983826,144.4446779912642,144.83856530634372
0.5729166666666666,166.87720036002523,-183.84776310850236,16.970562748477143,0.0,0.0,-311.1269837220809,345.0681092190352,-35.35533905932738,-464.0,-1.0,0.0,0.03,0.0,0.02,0.0,0.0,0.0,0.0,60.0,269.21645566346797,269.5805770080627,269.6568421160494,144.69775395630714,144.44467799126417,144.83428461521117
0.5734375,141.4213562373095,-199.40411229460642,55.43717164502533,0.0,-1.6,-263.0437226013957,370.52395334175094,-107.48023074035522,-448.0,-1.0,0.0,0.03,0.0,0.02,0.0,0.0,0.0,0.0,60.0,269.2595170091486,269.5805770080627,269.6391106646067,144.73216643165404,144.50545837441572,144.8206131736777
0.5739583333333333,109.74297244015217,-205.0609665440988,92.77240969167504,0.0,-1.6,-202.2325394193526,379.0092347159895,-176.7766952966369,-412.0,-1.0,0.0,0.03,0.0,0.02,0.0,0.0,0.0,0.0,60.0,269.29259180304234,269.51832034205023,269.6100192871177,144.75883392732894,144.56794250455388,144.77475608682613
0.5744791666666667,71.27636354360399,-200.8183258569795,126.71353518862932,0.0,-1.6,-132.93607486307096,374.7665940288702,-241.83051916579927,-359.0,-1.0,0.0,0.03,0.0,0.02,0.0,0.0,0.0,0.0,60.0,269.31429130293105,269.51832034205023,269.6100192871177,144.77610300046067,144.62910322614877,144.74366998249008
0.575,31.67838379715733,-190.91883092036784,156.97770542341357,0.0,-1.6,-62.22539674441619,356.38181771802,-294.1564209736038,-296.0,-1.0,0.0,0.03,0.0,0.02,0.0,0.0,0.0,0.0,60.0,269.3243861962745,269.51832034205023,269.6100192871177,144.7682285586171,144.68721436256902,144.7913757790843
0.5755208333333334,-4.525483399593905,-173.9482681718907,178.19090885901,0.8,0.0,11.313708498984761,325.2691193458119,-335.16861428242356,-222.0,-1.0,0.0,0.03,0.0,0.02,0.0,0.0,0.0,0.0,60.0,269.3224136606532,269.5715350329111,269.5549572907165,144.76698518654038,144.68721436256902,144.7913757790843
0.5760416666666667,-45.254833995939045,-149.9066376115481,195.16147160748713,1.6,0.0,84.8528137423857,281.4284989122459,-366.2813126546316,-140.0,-1.0,0.0,0.03,0.0,0.02,0.0,0.0,0.0,0.0,60.0,269.3083734309054,269.5715350329111,269.5549572907165,144.76698518654038,144.68721436256902,144.7913757790843
0.5765625,-83.72144289248723,-122.18805178903543,205.0609665440988,0.0,-0.8,155.56349186104046,226.27416997969522,-381.8376618407357,-50.0,-1.0,0.0,0.03,0.0,0.03,0.0,0.0,0.0,0.0,60.0,269.28272781595183,269.60851247688754,269.5549572907165,144.76698518654038,144.68721436256902,144.79137577908432
0.5770833333333333,-118.79393923933999,-85.98418459228418,206.4751801064719,-0.8,0.8,223.44574285494903,158.39191898578665,-380.42344827836257,45.0,-1.0,0.0,0.04,0.0,0.02,0.0,0.0,0.0,0.0,60.0,269.28272781595183,269.63435890108667,269.5549572907165,144.73783195833772,144.7080854686427,144.91650182087616
0.5776041666666667,-148.49242404917499,-44.12346314604057,196.57568516986024,0.0,3.2,280.01428534987286,84.8528137423857,-364.86709909225857,137.0,-1.0,0.0,0.04,0.0,0.03,0.0,0.0,0.0,0.0,60.0,269.23665240824846,269.6481503737788,269.5549572907165,144.69226827996027,144.7080854686427,144.97622218832993
0.578125,-173.9482681718907,-6.788225099390856,179.60512242138307,0.0,-0.8,326.683332908185,9.899494936611665,-336.58282784479667,223.0,-1.0,0.0,0.04,0.0,0.04,0.0,0.0,0.0,0.0,60.0,269.18290714679495,269.6496569625113,269.5549572907165,144.63891246825662,144.7080854686427,145.03074674013095
0.5786458333333333,-193.74725804511402,33.941125496954285,156.97770542341357,0.0,-1.6,360.62445840513925,-63.63961030678928,-296.98484809834997,299.0,-1.0,0.0,0.05,0.0,0.04,0.0,0.0,0.0,0.0,60.0,269.1829071467949,269.6391106646067,269.6035283522825,144.57948505925728,144.69094650322805,144.93418333850715
0.5791666666666667,-202.2325394193526,71.27636354360399,128.97627688842627,0.0,-1.6,379.0092347159895,-134.35028842544403,-244.65894629054546,362.0,-1.0,0.01,0.05,0.0,0.05,0.0,0.0,0.0,0.0,60.0,269.18290714679495,269.616973686747,269.6435146633421,144.57948505925728,144.6733907807514,144.83852215484666
0.5796875,-206.4751801064719,107.48023074035522,96.16652224137047,0.8,-2.4,383.2518754031088,-203.6467529817257,-179.60512242138307,414.0,-1.0,0.0,0.05,0.0,0.05,0.0,0.0,0.0,0.0,60.0,269.1829071467949,269.58347501284277,269.67283418987535,144.64236931134667,144.62029594769885,144.83852215484666
0.5802083333333333,-202.2325394193526,140.28998538741104,57.69991334482228,0.0,-3.2,373.3523804664971,-264.4579361637688,-107.48023074035522,450.0,-1.0,0.01,0.06,0.0,0.05,0.0,0.0,0.0,0.0,60.0,269.24408071487846,269.540001669511,269.6903316769068,144.7039304925751,144.4985121030663,144.83852215484666
0.5807291666666666,-188.09040379562165,165.46298679765212,18.10193359837562,0.0,-3.2,347.8965363437814,-312.54119728445403,-35.35533905932738,467.0,-1.0,0.02,0.06,0.01,0.05,0.0,0.0,0.0,0.0,60.0,269.3010629388603,269.4886361240488,269.696009425427,144.76114810265912,144.39639884706267,144.83852215484666
0.58125,-168.29141392239833,185.26197667087547,-19.233304448274094,0.0,-1.6,312.54119728445403,-349.3107499061545,36.76955262170048,467.0,-1.0,0.02,0.06,0.01,0.05,0.0,0.0,0.0,0.0,60.0,269.35223221647897,269.4886361240488,269.6898681819545,144.81230092778722,144.339469654007,144.83368910581547
0.5817708333333333,-144.2497833620557,197.9898987322333,-56.568542494923804,0.0,-1.6,264.4579361637688,-371.93816690412405,107.48023074035522,450.0,-1.0,0.02,0.05,0.01,0.06,0.0,0.0,0.0,0.0,60.0,269.35223221647897,269.48863612404887,269.6721389020379,144.81230092778722,144.27861934465548,144.83368910581547
0.5822916666666667,-107.48023074035522,202.2325394193526,-95.035151391472,0.8,0.0,196.57568516986024,-379.0092347159895,182.43354954612929,405.0,-1.0,0.02,0.06,0.01,0.06,0.0,0.0,0.0,0.0,60.0,269.3843675865398,269.48863612404887,269.6421239346701,144.81230092778722,144.3403356653988,144.78673109093944
0.5828125,-59.96265504461923,195.16147160748713,-138.0272436876141,0.0,-1.6,107.48023074035522,-364.86709909225857,255.97265478953022,336.0,-1.0,0.02,0.06,0.01,0.06,0.0,0.0,0.0,0.0,60.0,269.3843675865398,269.4886361240488,269.60005100147885,144.81230092778722,144.3403356653988,144.82029381271124
0.5833333333333334,-19.233304448274094,185.26197667087547,-166.87720036002523,0.0,0.0,36.76955262170048,-346.4823227814083,308.29855659733477,272.0,-1.0,0.02,0.06,0.01,0.06,0.0,0.0,0.0,0.0,60.0,269.3843675865398,269.4886361240488,269.60005100147885,144.81685847994356,144.28338435176795,144.82029381271124
0.5838541666666667,7.919595949289333,173.9482681718907,-182.43354954612929,0.0,0.0,-11.313708498984761,-323.85490578343877,335.16861428242356,220.0,-1.0,0.02,0.05,0.01,0.05,0.0,0.0,0.0,0.0,60.0,269.3843675865398,269.4886361240488,269.60005100147885,144.8186538398973,144.28338435176798,144.82029381271124
0.584375,33.941125496954285,155.56349186104046,-189.50461735799476,0.0,0.0,-65.05382386916237,-287.08535316173834,352.13917703090067,156.0,-1.0,0.02,0.05,0.01,0.05,0.0,0.0,0.0,0.0,60.0,269.3625577172893,269.535595979455,269.5422044875348,144.80152796155159,144.28338435176798,144.82029381271124
0.5848958333333333,70.14499269370552,126.71353518862932,-195.16147160748713,0.8,0.8,-134.35028842544403,-233.3452377915607,366.2813126546316,69.0,-1.0,0.02,0.05,0.0,0.05,0.0,0.0,0.0,0.0,60.0,269.31800441114217,269.5737375932604,269.482026302312,144.76671751476582,144.31429243148443,144.70026779519102
0.5854166666666667,110.87434329005066,88.24692629208114,-199.40411229460642,0.0,0.0,-212.13203435596427,-164.04877323527904,374.7665940288702,-33.0,-1.0,0.02,0.06,0.0,0.05,0.0,0.0,0.0,0.0,60.0,269.31800441114217,269.6005146508441,269.482026302312,144.73949875552285,144.29253272432362,144.63913716556803
0.5859375,145.6639969244288,47.517575695736,-196.57568516986024,0.0,-2.4,-277.18585822512665,-89.095454429505,364.86709909225857,-132.0,-1.0,0.01,0.05,0.0,0.04,0.0,0.0,0.0,0.0,60.0,269.31800441114217,269.6150032917308,269.5417407378679,144.6496543376444,144.29253272432362,144.63913716556803
0.5864583333333333,172.5340546095176,6.788225099390856,-182.43354954612929,0.8,-1.6,-325.2691193458119,-12.727922061357857,336.58282784479667,-221.0,-1.0,0.0,0.05,0.0,0.04,0.0,0.0,0.0,0.0,60.0,269.31800441114217,269.616973686747,269.5417407378679,144.5433239551381,144.29253272432362,144.58316810749446
0.5869791666666667,190.91883092036784,-32.809754647055804,-161.22034611053286,0.8,-1.6,-359.21024484276614,60.81118318204309,298.3990616607231,-297.0,-1.0,0.0,0.04,0.0,0.04,0.0,0.0,0.0,0.0,60.0,269.31800441114217,269.60688974875995,269.5905460137651,144.48472237575848,144.3004331247831,144.58316810749446
0.5875,200.8183258569795,-69.01362184380704,-133.5017602880202,0.8,-0.8,-377.5950211536164,130.10764773832474,247.48737341529164,-359.0,-1.0,0.0,0.04,0.0,0.04,0.0,0.0,0.0,0.0,60.0,269.31800441114217,269.5854456382985,269.63099784705764,144.3609538621853,144.28338435176798,144.58316810749446
0.5880208333333333,206.4751801064719,-105.21748904055829,-100.69200564096438,0.0,-0.0,-381.8376618407357,199.40411229460642,182.43354954612929,-411.0,-1.0,0.0,0.04,0.0,0.03,0.0,0.0,0.0,0.0,60.0,269.3180044111422,269.552638644106,269.6607822802567,144.42393326592375,144.2312552812323,144.58316810749446
0.5885416666666666,200.8183258569795,-138.0272436876141,-61.09402589451771,0.8,1.6,-371.93816690412405,260.2152954766495,111.72287142747452,-447.0,-1.0,0.0,0.04,0.0,0.03,0.0,0.0,0.0,0.0,60.0,269.31800441114217,269.5098560349881,269.67897582125306,144.42393326592375,144.1630153680201,144.58316810749446
0.5890625,186.67619023324855,-165.46298679765212,-22.627416997969522,0.8,-0.8,-347.8965363437814,306.88434303496166,39.59797974644666,-463.0,-1.0,0.0,0.04,0.0,0.03,0.0,0.0,0.0,0.0,60.0,269.37497099767825,269.4594125281208,269.6853490644236,144.42393326592375,144.1630153680201,144.58316810749446
0.5895833333333333,166.87720036002523,-183.84776310850236,18.10193359837562,0.0,0.8,-311.1269837220809,345.0681092190352,-33.941125496954285,-464.0,-1.0,0.0,0.04,0.0,0.03,0.0,0.0,0.0,0.0,60.0,269.3749709976783,269.4594125281208,269.6796710914636,144.42393326592375,144.1630153680201,144.58745623324313
0.5901041666666667,142.83556979968262,-196.57568516986024,56.568542494923804,0.0,1.6,-264.4579361637688,370.52395334175094,-106.06601717798213,-449.0,-1.0,0.0,0.03,0.0,0.02,0.0,0.0,0.0,0.0,60.0,269.41823898912264,269.4594125281208,269.66217291270203,144.4674184721247,144.04157385977146,144.60114971880412
0.590625,109.74297244015217,-203.6467529817257,92.77240969167504,0.8,-0.8,-203.6467529817257,380.42344827836257,-175.3624817342638,-413.0,-1.0,0.0,0.03,0.0,0.02,0.0,0.0,0.0,0.0,60.0,269.451526252868,269.5216828012173,269.6333158198371,144.4674184721247,143.97886129567772,144.6011497188041
0.5911458333333334,71.27636354360399,-200.8183258569795,126.71353518862932,0.0,-1.6,-134.35028842544403,374.7665940288702,-240.41630560342617,-360.0,-1.0,0.0,0.03,0.0,0.02,0.0,0.0,0.0,0.0,60.0,269.47344488836006,269.5216828012173,269.59379165700386,144.4674184721247,143.97886129567772,144.6011497188041
0.5916666666666667,33.941125496954285,-190.91883092036784,155.56349186104046,0.0,-0.8,-63.63961030678928,356.38181771802,-292.7422074112307,-298.0,-1.0,0.0,0.03,0.0,0.02,0.0,0.0,0.0,0.0,60.0,269.48376574480324,269.5216828012173,269.5456825846038,144.483476563931,143.97886129567772,144.5533811434378
0.5921875,-4.525483399593905,-176.7766952966369,179.60512242138307,0.8,-0.8,9.899494936611665,326.683332908185,-335.16861428242356,-224.0,-1.0,0.0,0.04,0.0,0.02,0.0,0.0,0.0,0.0,60.0,269.482026302312,269.57512867473514,269.5456825846038,144.483476563931,144.0864757706288,144.6080651277791
0.5927083333333333,-42.99209229614209,-152.73506473629428,195.16147160748713,0.8,0.0,83.43860018001261,282.842712474619,-364.86709909225857,-142.0,-1.0,0.0,0.04,0.0,0.03,0.0,0.0,0.0,0.0,60.0,269.4682263273353,269.62137804706805,269.4857370993871,144.46188078520922,144.17927208860505,144.6080651277791
0.5932291666666667,-81.45870119269028,-122.18805178903543,203.6467529817257,0.8,0.0,154.14927829866738,227.68838354206832,-380.42344827836257,-52.0,-1.0,0.0,0.03,0.0,0.03,0.0,0.0,0.0,0.0,60.0,269.44282788747597,269.65858043088485,269.4232265414398,144.4214492379854,144.17927208860505,144.54559834183814
0.59375,-116.53119753954304,-87.11555544218267,205.0609665440988,0.0,0.8,222.03152929257593,159.80613254815975,-380.42344827836257,43.0,-1.0,0.0,0.04,0.0,0.03,0.0,0.0,0.0,0.0,60.0,269.40629168599605,269.68465380885135,269.4232265414398,144.36382857211842,144.20049410456264,144.4826719714167
0.5942708333333333,-148.49242404917499,-47.517575695736,196.57568516986024,0.0,0.8,280.01428534987286,86.2670273047588,-366.2813126546316,135.0,-1.0,0.0,0.04,0.0,0.04,0.0,0.0,0.0,0.0,60.0,269.40629168599605,269.69867444983856,269.483185931887,144.36382857211842,144.23419324140863,144.48267197141672
0.5947916666666667,-175.3624817342638,-6.788225099390856,183.84776310850236,0.0,0.8,325.2691193458119,12.727922061357857,-337.9970414071697,221.0,-1.0,0.0,0.04,0.0,0.04,0.0,0.0,0.0,0.0,60.0,269.3528123112881,269.70238226608234,269.53849446785887,144.41728601521356,144.2341932414086,144.64933459923003
0.5953125,-192.33304448274095,33.941125496954285,161.22034611053286,0.0,1.6,359.21024484276614,-62.22539674441619,-296.98484809834997,298.0,-1.0,0.0,0.04,0.0,0.04,0.0,0.0,0.0,0.0,60.0,269.293752248358,269.6920697758835,269.53849446785887,144.35820032128413,144.2341932414086,144.79508796917114
0.5958333333333333,-203.6467529817257,71.27636354360399,131.23901858822322,0.0,-0.8,379.0092347159895,-132.93607486307096,-246.07315985291856,361.0,-1.0,0.01,0.05,0.0,0.04,0.0,0.0,0.0,0.0,60.0,269.293752248358,269.67016891009655,269.57872226865385,144.42031539918474,144.2341932414086,144.85861210159376
0.5963541666666666,-206.4751801064719,107.48023074035522,98.42926394116742,0.8,-0.8,383.2518754031088,-202.2325394193526,-181.01933598375618,413.0,-1.0,0.01,0.05,0.0,0.05,0.0,0.0,0.0,0.0,60.0,269.293752248358,269.6369086382649,269.60828065918156,144.42031539918477,144.2341932414086,144.9060989054636
0.596875,-200.8183258569795,140.28998538741104,59.96265504461923,0.0,-0.8,373.3523804664971,-263.0437226013957,-108.89444430272833,449.0,-1.0,0.01,0.05,0.0,0.05,0.0,0.0,0.0,0.0,60.0,269.293752248358,269.5936757418467,269.62601413810205,144.3586332714466,144.2341932414086,144.934804308696
0.5973958333333333,-186.67619023324855,166.87720036002523,20.36467529817257,0.8,0.8,349.3107499061545,-311.1269837220809,-36.76955262170048,467.0,-1.0,0.02,0.05,0.01,0.05,0.0,0.0,0.0,0.0,60.0,269.35095600350115,269.5425522992613,269.63192503856067,144.3012560582894,144.28509971580573,144.94418753437478
0.5979166666666667,-168.29141392239833,186.67619023324855,-19.233304448274094,0.0,-0.8,312.54119728445403,-347.8965363437814,35.35533905932738,468.0,-1.0,0.02,0.05,0.01,0.05,0.0,0.0,0.0,0.0,60.0,269.35095600350115,269.485389214332,269.62601413810205,144.3012560582894,144.34205035262593,144.94418753437478
0.5984375,-145.6639969244288,199.40411229460642,-56.568542494923804,0.0,-2.4,265.8721497261419,-371.93816690412405,106.06601717798213,450.0,-1.0,0.02,0.06,0.01,0.06,0.0,0.0,0.0,0.0,60.0,269.39445985394724,269.48538921433203,269.6085124768875,144.34564420168695,144.4028739326195,144.94418753437478
0.5989583333333334,-109.74297244015217,202.2325394193526,-97.29789309126895,0.0,-3.2,196.57568516986024,-379.0092347159895,181.01933598375618,406.0,-1.0,0.02,0.06,0.01,0.06,0.0,0.0,0.0,0.0,60.0,269.39445985394724,269.485389214332,269.57872226865385,144.39884002304174,144.4028739326195,144.99109455411391
0.5994791666666667,-62.22539674441619,195.16147160748713,-135.76450198781714,0.0,-1.6,108.89444430272833,-364.86709909225857,254.55844122715712,337.0,-1.0,0.02,0.05,0.01,0.06,0.0,0.0,0.0,0.0,60.0,269.4122074071626,269.485389214332,269.53687131819277,144.42875406234037,144.4028739326195,144.92431645517604
0.6,-20.36467529817257,186.67619023324855,-166.87720036002523,0.0,-0.0,36.76955262170048,-346.4823227814083,308.29855659733477,273.0,-1.0,0.02,0.05,0.01,0.06,0.0,0.0,0.0,0.0,60.0,269.4122074071626,269.485389214332,269.53687131819277,144.43360066134196,144.45977813910696,144.924316455176
0.6005208333333333,4.525483399593905,175.3624817342638,-179.60512242138307,0.0,0.0,-11.313708498984761,-325.2691193458119,335.16861428242356,221.0,-1.0,0.02,0.05,0.01,0.06,0.0,0.0,0.0,0.0,60.0,269.4122074071626,269.5386104067467,269.53687131819277,144.429031015236,144.51320008912683,144.8138719184043
0.6010416666666667,35.07249634685276,155.56349186104046,-189.50461735799476,0.8,1.6,-65.05382386916237,-288.4995667241114,352.13917703090067,157.0,-1.0,0.01,0.06,0.0,0.05,0.0,0.0,0.0,0.0,60.0,269.4122074071626,269.5857933942366,269.53687131819277,144.43747782345136,144.51320008912683,144.8138719184043
0.6015625,69.01362184380704,127.84490603852781,-196.57568516986024,0.0,0.0,-132.93607486307096,-234.7594513539338,366.2813126546316,72.0,-1.0,0.02,0.05,0.01,0.05,0.0,0.0,0.0,0.0,60.0,269.39028378915225,269.6241597112544,269.53687131819277,144.42044522850634,144.5443357589636,144.87363459235777
0.6020833333333333,109.74297244015217,91.64103884177656,-202.2325394193526,0.0,-0.8,-209.30360723121808,-166.87720036002523,374.7665940288702,-30.0,-1.0,0.01,0.05,0.01,0.05,0.0,0.0,0.0,0.0,60.0,269.32113730637633,269.67839642804165,269.53687131819277,144.39343821656163,144.61032120841168,144.9961033959189
0.6026041666666667,145.6639969244288,48.64894654563447,-196.57568516986024,0.0,-1.6,-275.77164466275354,-90.50966799187809,364.86709909225857,-130.0,-1.0,0.01,0.05,0.0,0.04,0.0,0.0,0.0,0.0,60.0,269.275764783985,269.6931126298927,269.53687131819277,144.39343821656163,144.62207646137568,144.9961033959189
0.603125,173.9482681718907,7.919595949289333,-182.43354954612929,0.8,0.0,-323.85490578343877,-14.142135623730951,337.9970414071697,-219.0,-1.0,0.01,0.05,0.01,0.04,0.0,0.0,0.0,0.0,60.0,269.2224916309928,269.6953141973364,269.5921688402688,144.44645201596333,144.62387423935232,144.9961033959189
0.6036458333333333,190.91883092036784,-29.41564209736038,-161.22034611053286,1.6,0.0,-359.21024484276614,59.396969619669996,298.3990616607231,-295.0,-1.0,0.0,0.04,0.0,0.04,0.0,0.0,0.0,0.0,60.0,269.2224916309928,269.68546494017806,269.5921688402688,144.44645201596333,144.6010546296257,144.9961033959189
0.6041666666666666,202.2325394193526,-67.88225099390857,-133.5017602880202,0.8,0.8,-377.5950211536164,128.69343417595167,248.90158697766475,-358.0,-1.0,0.0,0.04,0.0,0.04,0.0,0.0,0.0,0.0,60.0,269.2224916309928,269.6642588479237,269.63285222687534,144.50809665897617,144.58431796014395,144.99610339591888
0.6046875,203.6467529817257,-104.08611819065979,-101.82337649086286,0.8,-1.6,-381.8376618407357,197.9898987322333,183.84776310850236,-410.0,-1.0,0.0,0.04,0.0,0.03,0.0,0.0,0.0,0.0,60.0,269.2224916309928,269.6316932409838,269.6628682262354,144.38261668220312,144.55872509122372,145.02079161278908
0.6052083333333333,200.8183258569795,-138.0272436876141,-62.22539674441619,0.8,0.8,-373.3523804664971,260.2152954766495,113.13708498984761,-447.0,-1.0,0.0,0.04,0.0,0.03,0.0,0.0,0.0,0.0,60.0,269.2836562066105,269.6316932409838,269.6812933816508,144.38261668220315,144.55872509122372,145.0358231610384
0.6057291666666667,185.26197667087547,-166.87720036002523,-23.758787847868,0.0,-3.2,-347.8965363437814,306.88434303496166,41.01219330881976,-463.0,-1.0,0.0,0.04,0.0,0.02,0.0,0.0,0.0,0.0,60.0,269.2836562066105,269.6316932409838,269.68789831952046,144.3256820527795,144.60951732164796,145.04147682645817
0.60625,166.87720036002523,-182.43354954612929,14.70782104868019,0.8,-0.8,-312.54119728445403,343.65389565666214,-32.526911934581186,-463.0,-1.0,0.0,0.03,0.0,0.02,0.0,0.0,0.0,0.0,60.0,269.33482879122784,269.5752445978673,269.682452154381,144.3256820527795,144.5535367951957,145.02947976187463
0.6067708333333334,144.2497833620557,-196.57568516986024,53.17442994522838,0.0,-0.0,-265.8721497261419,369.10973977937783,-104.65180361560904,-449.0,-1.0,0.0,0.03,0.0,0.02,0.0,0.0,0.0,0.0,60.0,269.37833524617383,269.5146099935957,269.66518592506526,144.36962977025328,144.55353679519573,144.98934443606538
0.6072916666666667,112.00571413994913,-202.2325394193526,91.64103884177656,0.0,0.8,-205.0609665440988,380.42344827836257,-173.9482681718907,-414.0,-1.0,0.0,0.03,0.0,0.02,0.0,0.0,0.0,0.0,60.0,269.4118594271604,269.5146099935957,269.63656094825126,144.42392461084833,144.49147898751676,144.96685828147065
0.6078125,72.40773439350248,-200.8183258569795,126.71353518862932,0.0,-0.8,-135.76450198781714,374.7665940288702,-239.0020920410531,-362.0,-1.0,0.0,0.03,0.0,0.02,0.0,0.0,0.0,0.0,60.0,269.4340132574208,269.5146099935957,269.59726908854253,144.4415106539668,144.49147898751679,144.96685828147065
0.6083333333333333,32.809754647055804,-190.91883092036784,156.97770542341357,0.8,-0.8,-65.05382386916237,357.7960312803931,-291.3279938488576,-299.0,-1.0,0.0,0.04,0.0,0.02,0.0,0.0,0.0,0.0,60.0,269.44456758301885,269.5731579738606,269.549392505344,144.4333410262326,144.49147898751679,145.01449065524451
0.6088541666666667,-4.525483399593905,-173.9482681718907,178.19090885901,0.0,-0.8,8.485281374238571,326.683332908185,-333.75440072005046,-226.0,-1.0,0.0,0.04,0.0,0.03,0.0,0.0,0.0,0.0,60.0,269.4430598475307,269.5731579738606,269.4945500376585,144.4333410262326,144.38416637567985,144.95995998895694
0.609375,-42.99209229614209,-151.32085117392117,196.57568516986024,0.8,1.6,82.02438661763952,284.2569260369921,-364.86709909225857,-144.0,-1.0,0.0,0.03,0.0,0.02,0.0,0.0,0.0,0.0,60.0,269.4294898484574,269.61963949237827,269.4945500376585,144.43334102623257,144.3376250324218,145.01966245995746
0.6098958333333333,-80.3273303427918,-122.18805178903543,206.4751801064719,0.8,2.4,152.73506473629428,229.1025971044414,-380.42344827836257,-54.0,-1.0,0.0,0.04,0.0,0.02,0.0,0.0,0.0,0.0,60.0,269.4043197500738,269.65707389200827,269.4945500376585,144.4135381465325,144.3376250324218,145.1445917008278
0.6104166666666667,-118.79393923933999,-87.11555544218267,202.2325394193526,0.0,-2.4,220.61731573020285,161.22034611053286,-380.42344827836257,41.0,-1.0,0.0,0.04,0.0,0.03,0.0,0.0,0.0,0.0,60.0,269.36801035015276,269.6833791689803,269.4945500376585,144.4711389863041,144.3376250324218,145.02052440947799
0.6109375,-149.9066376115481,-46.38620484583752,197.9898987322333,0.0,1.6,278.60007178749976,89.095454429505,-366.2813126546316,134.0,-1.0,0.0,0.04,0.0,0.04,0.0,0.0,0.0,0.0,60.0,269.3221815966891,269.71211504120464,269.4945500376585,144.51677238300059,144.32612376143138,145.0806327529626
0.6114583333333333,-175.3624817342638,-7.919595949289333,183.84776310850236,0.8,0.0,325.2691193458119,14.142135623730951,-337.9970414071697,219.0,-1.0,0.0,0.04,0.0,0.04,0.0,0.0,0.0,0.0,60.0,269.3221815966891,269.7143164535394,269.4945500376585,144.51677238300059,144.32792522585504,145.0806327529626
0.6119791666666666,-192.33304448274095,31.67838379715733,159.80613254815975,0.0,-0.8,359.21024484276614,-60.81118318204309,-298.3990616607231,296.0,-1.0,0.0,0.04,0.0,0.04,0.0,0.0,0.0,0.0,60.0,269.3221815966891,269.70423615508895,269.54336385821114,144.51677238300056,144.31184982530021,145.03172928707704
0.6125,-200.8183258569795,69.01362184380704,132.3703894381217,0.0,0.0,379.0092347159895,-131.52186130069785,-246.07315985291856,360.0,-1.0,0.0,0.04,0.0,0.04,0.0,0.0,0.0,0.0,60.0,269.3221815966891,269.6825680313802,269.54336385821114,144.39303134154363,144.2774757195315,145.0638566287275
0.6130208333333333,-206.4751801064719,106.34885989045677,98.42926394116742,0.0,-1.6,383.2518754031088,-200.8183258569795,-182.43354954612929,412.0,-1.0,0.01,0.05,0.0,0.05,0.0,0.0,0.0,0.0,60.0,269.3221815966891,269.64954107136913,269.5731579738606,144.39303134154363,144.25127382453164,145.06385662872748
0.6135416666666667,-202.2325394193526,140.28998538741104,59.96265504461923,0.8,-1.6,373.3523804664971,-261.6295090390226,-111.72287142747452,449.0,-1.0,0.01,0.06,0.01,0.05,0.0,0.0,0.0,0.0,60.0,269.3221815966891,269.6065420200333,269.6093238372887,144.45469878131345,144.25127382453164,145.06385662872748
0.6140625,-188.09040379562165,166.87720036002523,22.627416997969522,0.0,1.6,349.3107499061545,-309.7127701597078,-38.18376618407357,466.0,-1.0,0.02,0.06,0.01,0.05,0.0,0.0,0.0,0.0,60.0,269.3221815966891,269.5556528808105,269.615466915383,144.51201507141198,144.25127382453164,145.0743343944752
0.6145833333333334,-168.29141392239833,186.67619023324855,-16.970562748477143,0.0,0.8,313.95541084682714,-347.8965363437814,33.941125496954285,467.0,-1.0,0.02,0.05,0.01,0.06,0.0,0.0,0.0,0.0,60.0,269.3735788825623,269.5556528808105,269.6097874707074,144.51201507141198,144.25127382453164,145.06551106310556
0.6151041666666667,-145.6639969244288,197.9898987322333,-55.43717164502533,0.8,-2.4,267.28636328851496,-371.93816690412405,106.06601717798213,451.0,-1.0,0.02,0.05,0.01,0.06,0.0,0.0,0.0,0.0,60.0,269.41731106222556,269.5556528808105,269.6097874707074,144.51201507141198,144.1903862953422,145.05186141515043
0.615625,-109.74297244015217,203.6467529817257,-96.16652224137047,0.0,-1.6,199.40411229460642,-379.0092347159895,179.60512242138307,408.0,-1.0,0.02,0.06,0.02,0.05,0.0,0.0,0.0,0.0,60.0,269.4822582286262,269.5556528808105,269.5802292453955,144.51201507141198,144.25257363388704,145.02828172463467
0.6161458333333333,-62.22539674441619,197.9898987322333,-134.63313113791867,0.0,0.8,110.30865786510142,-364.86709909225857,253.14422766478404,338.0,-1.0,0.02,0.06,0.01,0.06,0.0,0.0,0.0,0.0,60.0,269.5002319108464,269.5556528808105,269.5386104067467,144.51201507141198,144.3729718472263,144.9953188899559
0.6166666666666667,-20.36467529817257,186.67619023324855,-166.87720036002523,0.0,-0.0,38.18376618407357,-346.4823227814083,308.29855659733477,273.0,-1.0,0.02,0.06,0.01,0.05,0.0,0.0,0.0,0.0,60.0,269.5063774755618,269.5556528808105,269.5386104067467,144.51201507141198,144.3729718472263,144.9953188899559
0.6171875,4.525483399593905,175.3624817342638,-182.43354954612929,0.0,-1.6,-9.899494936611665,-325.2691193458119,335.16861428242356,223.0,-1.0,0.02,0.05,0.01,0.06,0.0,0.0,0.0,0.0,60.0,269.5046381790117,269.5556528808105,269.5386104067467,144.51201507141198,144.37297184722632,145.10562532169453
0.6177083333333333,32.809754647055804,155.56349186104046,-189.50461735799476,0.0,0.0,-63.63961030678928,-288.4995667241114,350.7249634685276,159.0,-1.0,0.02,0.06,0.0,0.05,0.0,0.0,0.0,0.0,60.0,269.49408620598706,269.5556528808105,269.480982631428,144.4954065013833,144.37297184722632,145.10562532169456
0.6182291666666667,67.88225099390857,127.84490603852781,-196.57568516986024,0.0,-0.8,-131.52186130069785,-234.7594513539338,366.2813126546316,73.0,-1.0,0.01,0.05,0.01,0.05,0.0,0.0,0.0,0.0,60.0,269.47240118424,269.5556528808105,269.480982631428,144.47865759343142,144.3729718472263,145.10562532169456
0.61875,109.74297244015217,93.90378054157352,-200.8183258569795,0.0,1.6,-206.4751801064719,-168.29141392239833,373.3523804664971,-27.0,-1.0,0.01,0.05,0.0,0.04,0.0,0.0,0.0,0.0,60.0,269.4042037533936,269.58312725391403,269.4196308734759,144.47865759343142,144.41840256698592,145.04423463205976
0.6192708333333333,144.2497833620557,49.780317395532954,-196.57568516986024,0.8,-1.6,-274.35743110038044,-91.92388155425118,364.86709909225857,-128.0,-1.0,0.01,0.05,0.0,0.05,0.0,0.0,0.0,0.0,60.0,269.35907725562174,269.59808048278086,269.4196308734759,144.4343103282596,144.4304503904907,145.04423463205976
0.6197916666666666,172.5340546095176,6.788225099390856,-182.43354954612929,0.0,-1.6,-323.85490578343877,-14.142135623730951,337.9970414071697,-218.0,-1.0,0.01,0.05,0.0,0.04,0.0,0.0,0.0,0.0,60.0,269.35907725562174,269.59808048278086,269.4196308734759,144.38129207068346,144.42865020486758,145.04423463205976
0.6203125,189.50461735799476,-31.67838379715733,-161.22034611053286,0.0,-2.4,-357.7960312803931,57.9827560572969,299.8132752230962,-294.0,-1.0,0.0,0.04,0.0,0.04,0.0,0.0,0.0,0.0,60.0,269.30025064971625,269.5884595081919,269.4686902035188,144.3230577558555,144.44360491209017,145.04423463205976
0.6208333333333333,200.8183258569795,-69.01362184380704,-134.63313113791867,0.0,-1.6,-377.5950211536164,127.27922061357856,250.31580054003783,-356.0,-1.0,0.0,0.05,0.0,0.04,0.0,0.0,0.0,0.0,60.0,269.30025064971625,269.56747763778924,269.50962413242314,144.26133404346433,144.4603578840922,145.07691063708242
0.6213541666666667,206.4751801064719,-105.21748904055829,-102.95474734076133,0.0,-1.6,-383.2518754031088,196.57568516986024,185.26197667087547,-409.0,-1.0,0.0,0.04,0.0,0.03,0.0,0.0,0.0,0.0,60.0,269.3630217754471,269.53513221841786,269.5398857312216,144.38691942139357,144.48596817684407,145.1018607737337
0.621875,200.8183258569795,-136.89587283771561,-62.22539674441619,0.0,1.6,-373.3523804664971,258.80108191427644,114.5512985522207,-447.0,-1.0,0.0,0.04,0.0,0.03,0.0,0.0,0.0,0.0,60.0,269.3630217754471,269.49257874754176,269.5585511535481,144.38691942139357,144.452327776329,145.1018607737337
0.6223958333333334,186.67619023324855,-164.04877323527904,-22.627416997969522,0.8,0.0,-349.3107499061545,306.88434303496166,42.42640687119285,-463.0,-1.0,0.0,0.04,0.0,0.03,0.0,0.0,0.0,0.0,60.0,269.42021082316745,269.49257874754176,269.5653909536608,144.44382991322266,144.35104779668208,145.096209461171
0.6229166666666667,166.87720036002523,-183.84776310850236,14.70782104868019,0.0,-0.8,-313.95541084682714,343.65389565666214,-31.112698372208094,-464.0,-1.0,0.0,0.03,0.0,0.02,0.0,0.0,0.0,0.0,60.0,269.47158941157414,269.49257874754176,269.56017417266963,144.44382991322266,144.4071068195745,145.09620946117096
0.6234375,144.2497833620557,-197.9898987322333,53.17442994522838,0.0,-0.8,-267.28636328851496,369.10973977937783,-103.23759005323595,-449.0,-1.0,0.0,0.03,0.0,0.02,0.0,0.0,0.0,0.0,60.0,269.51530568782175,269.49257874754176,269.54313198447477,144.44382991322266,144.4674703869352,145.09620946117096
0.6239583333333333,110.87434329005066,-203.6467529817257,90.50966799187809,0.0,-1.6,-206.4751801064719,379.0092347159895,-172.5340546095176,-414.0,-1.0,0.0,0.03,0.0,0.02,0.0,0.0,0.0,0.0,60.0,269.5490447024437,269.430301747966,269.5147259427581,144.41655029808737,144.52953850338,145.07401559204186
0.6244791666666667,73.53910524340095,-199.40411229460642,124.45079348883237,0.0,-0.8,-137.17871555019022,374.7665940288702,-237.58787847867998,-363.0,-1.0,0.0,0.03,0.0,0.02,0.0,0.0,0.0,0.0,60.0,269.57141910818365,269.430301747966,269.4756482504495,144.4344141816624,144.46833563103024,145.0127925391412
0.625,35.07249634685276,-193.74725804511402,155.56349186104046,0.0,-1.6,-67.88225099390857,357.7960312803931,-289.9137802864845,-301.0,-1.0,0.0,0.03,0.0,0.02,0.0,0.0,0.0,0.0,60.0,269.59321208071987,269.430301747966,269.4279820285933,144.45102976441532,144.5859605909232,144.96515960740362
0.6255208333333333,-2.2627416997969525,-175.3624817342638,178.19090885901,0.0,0.0,5.656854249492381,328.0975464705581,-333.75440072005046,-227.0,-1.0,0.0,0.03,0.0,0.02,0.0,0.0,0.0,0.0,60.0,269.590893763124,269.48399766962046,269.4279820285933,144.4493682921459,144.6393359359756,144.96515960740362
0.6260416666666667,-41.860721446243616,-154.14927829866738,195.16147160748713,0.8,-0.8,80.61017305526643,285.67113959936523,-364.86709909225857,-145.0,-1.0,0.0,0.03,0.0,0.02,0.0,0.0,0.0,0.0,60.0,269.5775630500432,269.53072644876687,269.4279820285933,144.43898365746,144.73264144621973,144.90543468069097
0.6265625,-81.45870119269028,-123.3194226389339,203.6467529817257,0.8,-0.8,151.32085117392117,230.5168106668145,-380.42344827836257,-56.0,-1.0,0.0,0.04,0.0,0.03,0.0,0.0,0.0,0.0,60.0,269.552638644106,269.5684050477726,269.4279820285933,144.45878304900674,144.76262466534658,144.7802990741489
0.6270833333333333,-117.66256838944152,-89.37829714197962,202.2325394193526,0.0,-3.2,219.20310216782974,162.63455967290594,-380.42344827836257,39.0,-1.0,0.0,0.03,0.0,0.03,0.0,0.0,0.0,0.0,60.0,269.5165811225721,269.5949508058339,269.4279820285933,144.42984456129557,144.805723298494,144.7802990741489
0.6276041666666666,-147.0782104868019,-48.64894654563447,195.16147160748713,0.0,0.0,277.18585822512665,90.50966799187809,-366.2813126546316,132.0,-1.0,0.0,0.04,0.0,0.04,0.0,0.0,0.0,0.0,60.0,269.47100957245846,269.6096715624274,269.4279820285933,144.33894138450648,144.828924942499,144.66023987260633
0.628125,-173.9482681718907,-10.182337649086286,182.43354954612929,0.0,-1.6,323.85490578343877,15.556349186104047,-339.4112549695428,218.0,-1.0,0.01,0.04,0.0,0.04,0.0,0.0,0.0,0.0,60.0,269.41777502607357,269.61210562584165,269.4835338197865,144.28545491490124,144.83334388185617,144.60427898233164
0.6286458333333333,-189.50461735799476,32.809754647055804,161.22034611053286,0.0,3.2,359.21024484276614,-59.396969619669996,-299.8132752230962,295.0,-1.0,0.0,0.05,0.0,0.04,0.0,0.0,0.0,0.0,60.0,269.41777502607357,269.6022533288622,269.5325815184502,144.16845181939075,144.84121478363818,144.65332695793762
0.6291666666666667,-200.8183258569795,71.27636354360399,133.5017602880202,0.0,2.4,379.0092347159895,-130.10764773832474,-247.48737341529164,359.0,-1.0,0.01,0.05,0.0,0.04,0.0,0.0,0.0,0.0,60.0,269.41777502607357,269.5808088495915,269.5730420498311,144.16845181939078,144.87545513302106,144.68581478500235
0.6296875,-206.4751801064719,106.34885989045677,100.69200564096438,0.8,0.0,383.2518754031088,-199.40411229460642,-183.84776310850236,411.0,-1.0,0.01,0.04,0.01,0.05,0.0,0.0,0.0,0.0,60.0,269.4177750260736,269.5480012910502,269.60306470810013,144.16845181939078,144.87545513302106,144.73446376036358
0.6302083333333334,-199.40411229460642,139.15861453751256,61.09402589451771,0.0,0.8,374.7665940288702,-261.6295090390226,-113.13708498984761,449.0,-1.0,0.01,0.05,0.0,0.05,0.0,0.0,0.0,0.0,60.0,269.47912720654267,269.5480012910502,269.6214939503155,144.0452793395188,144.8413528658166,144.7492487027135
0.6307291666666667,-189.50461735799476,166.87720036002523,22.627416997969522,0.0,0.0,350.7249634685276,-309.7127701597078,-41.01219330881976,466.0,-1.0,0.02,0.06,0.01,0.05,0.0,0.0,0.0,0.0,60.0,269.53652349913546,269.54800129105024,269.6344747987542,144.103192192262,144.8413528658166,144.7492487027135
0.63125,-169.7056274847714,185.26197667087547,-16.970562748477143,0.0,-0.8,313.95541084682714,-346.4823227814083,32.526911934581186,468.0,-1.0,0.02,0.06,0.01,0.06,0.0,0.0,0.0,0.0,60.0,269.53652349913546,269.49107128066413,269.6290275545272,144.155012052998,144.78459862844528,144.7492487027135
0.6317708333333333,-145.6639969244288,199.40411229460642,-54.30580079512685,0.0,-0.8,267.28636328851496,-371.93816690412405,104.65180361560904,452.0,-1.0,0.02,0.06,0.01,0.05,0.0,0.0,0.0,0.0,60.0,269.53652349913546,269.49107128066413,269.61175790384215,144.155012052998,144.84523637317176,144.73584559465564
0.6322916666666667,-109.74297244015217,205.0609665440988,-93.90378054157352,0.8,0.8,200.8183258569795,-379.0092347159895,178.19090885901,409.0,-1.0,0.02,0.06,0.01,0.06,0.0,0.0,0.0,0.0,60.0,269.56933245456537,269.4910712806642,269.5824317347108,144.15501205299802,144.90757399114787,144.6894087347101
0.6328125,-63.35676759431466,199.40411229460642,-133.5017602880202,0.0,1.6,113.13708498984761,-366.2813126546316,253.14422766478404,340.0,-1.0,0.02,0.05,0.01,0.06,0.0,0.0,0.0,0.0,60.0,269.605962471159,269.55101557961154,269.5824317347108,144.17041131938274,144.96816029735635,144.6566451982072
0.6333333333333333,-21.496046148071045,186.67619023324855,-164.04877323527904,0.0,0.8,38.18376618407357,-346.4823227814083,306.88434303496166,274.0,-1.0,0.02,0.06,0.01,0.06,0.0,0.0,0.0,0.0,60.0,269.605962471159,269.55101557961154,269.5320018105457,144.17554404267042,144.96816029735635,144.55550836962252
0.6338541666666667,6.788225099390856,175.3624817342638,-181.01933598375618,0.8,0.8,-9.899494936611665,-326.683332908185,335.16861428242356,224.0,-1.0,0.02,0.05,0.01,0.05,0.0,0.0,0.0,0.0,60.0,269.605962471159,269.60445563825533,269.5320018105457,144.17831841161137,144.96816029735632,144.4999394463541
0.634375,30.547012947258857,155.56349186104046,-186.67619023324855,0.0,0.0,-60.81118318204309,-289.9137802864845,350.7249634685276,162.0,-1.0,0.02,0.05,0.01,0.05,0.0,0.0,0.0,0.0,60.0,269.5855615569944,269.6518588847479,269.5320018105457,144.16278125785448,144.96816029735632,144.38484165590236
0.6348958333333333,65.61950929411161,127.84490603852781,-196.57568516986024,0.0,-2.4,-130.10764773832474,-236.17366491630688,364.86709909225857,75.0,-1.0,0.02,0.05,0.0,0.05,0.0,0.0,0.0,0.0,60.0,269.5641157498527,269.69044755052045,269.4720532819684,144.1300367723536,144.96816029735632,144.38484165590236
0.6354166666666666,107.48023074035522,93.90378054157352,-202.2325394193526,0.0,-0.8,-206.4751801064719,-168.29141392239833,373.3523804664971,-26.0,-1.0,0.01,0.05,0.0,0.05,0.0,0.0,0.0,0.0,60.0,269.5641157498527,269.69044755052045,269.4720532819684,144.07674170385724,144.96816029735632,144.4465125920318
0.6359375,144.2497833620557,52.043059095329895,-196.57568516986024,0.0,-0.8,-272.9432175380074,-93.33809511662427,364.86709909225857,-126.0,-1.0,0.01,0.05,0.0,0.04,0.0,0.0,0.0,0.0,60.0,269.5192479211828,269.70562656348125,269.4720532819684,144.07674170385724,144.9929912099202,144.4465125920318
0.6364583333333333,172.5340546095176,9.05096679918781,-182.43354954612929,0.8,0.0,-322.4406922210657,-15.556349186104047,339.4112549695428,-217.0,-1.0,0.01,0.05,0.0,0.05,0.0,0.0,0.0,0.0,60.0,269.4662548446465,269.70805976092004,269.5275959897242,144.07674170385724,144.99685341413448,144.4465125920318
0.6369791666666667,190.91883092036784,-29.41564209736038,-162.63455967290594,1.6,-0.8,-357.7960312803931,56.568542494923804,301.2274887854693,-293.0,-1.0,0.0,0.05,0.0,0.04,0.0,0.0,0.0,0.0,60.0,269.4662548446465,269.69867444983856,269.57686751648407,144.13507553680333,144.98195577381347,144.49604665872351
0.6375,200.8183258569795,-66.7508801440101,-134.63313113791867,0.0,0.0,-376.1808075912433,125.86500705120547,251.73001410241093,-355.0,-1.0,0.0,0.05,0.0,0.04,0.0,0.0,0.0,0.0,60.0,269.40443574670405,269.6779329125763,269.61801683121996,144.13507553680333,144.94884442450723,144.49604665872351
0.6380208333333334,206.4751801064719,-102.95474734076133,-101.82337649086286,0.0,0.8,-383.2518754031088,195.16147160748713,186.67619023324855,-408.0,-1.0,0.0,0.04,0.0,0.03,0.0,0.0,0.0,0.0,60.0,269.40443574670405,269.6458325285225,269.64849804884875,144.13507553680333,144.89805899321084,144.47099189802776
0.6385416666666667,200.8183258569795,-136.89587283771561,-62.22539674441619,0.8,0.8,-373.3523804664971,258.80108191427644,115.9655121145938,-446.0,-1.0,0.0,0.04,0.0,0.03,0.0,0.0,0.0,0.0,60.0,269.40443574670405,269.6458325285225,269.6673877205028,144.13507553680333,144.8980589932108,144.47099189802776
0.6390625,189.50461735799476,-165.46298679765212,-23.758787847868,0.0,-0.0,-349.3107499061545,305.47012947258855,43.84062043356595,-463.0,-1.0,0.0,0.03,0.0,0.03,0.0,0.0,0.0,0.0,60.0,269.40443574670405,269.5956462927397,269.6744565211915,144.25037261650314,144.94830112836783,144.47666766644363
0.6395833333333333,169.7056274847714,-183.84776310850236,14.70782104868019,0.8,-0.0,-313.95541084682714,342.23968209428904,-28.284271247461902,-464.0,-1.0,0.0,0.04,0.0,0.02,0.0,0.0,0.0,0.0,60.0,269.40443574670405,269.53942197756527,269.6647223868929,144.35345510239787,144.94830112836786,144.47666766644363
0.6401041666666667,144.2497833620557,-197.9898987322333,52.043059095329895,0.8,-0.8,-268.70057685088807,369.10973977937783,-101.82337649086286,-450.0,-1.0,0.0,0.03,0.0,0.02,0.0,0.0,0.0,0.0,60.0,269.4483948736752,269.53942197756527,269.6479185901497,144.35345510239787,144.94830112836786,144.46379304171685
0.640625,112.00571413994913,-202.2325394193526,90.50966799187809,0.0,-0.0,-207.88939366884497,379.0092347159895,-171.11984104714452,-416.0,-1.0,0.0,0.03,0.0,0.02,0.0,0.0,0.0,0.0,60.0,269.4823741917085,269.53942197756527,269.61975539637297,144.38074663887843,144.8864124064089,144.46379304171685
0.6411458333333333,74.67047609329941,-200.8183258569795,124.45079348883237,0.8,-1.6,-138.59292911256333,374.7665940288702,-236.17366491630688,-364.0,-1.0,0.0,0.02,0.0,0.03,0.0,0.0,0.0,0.0,60.0,269.5049860392197,269.53942197756527,269.5809247702812,144.3988919625078,144.94743874936182,144.46379304171685
0.6416666666666667,37.33523804664971,-193.74725804511402,154.14927829866738,0.8,-1.6,-69.29646455628166,357.7960312803931,-289.9137802864845,-302.0,-1.0,0.0,0.03,0.0,0.02,0.0,0.0,0.0,0.0,60.0,269.5162332773297,269.53942197756527,269.5809247702812,144.416619542212,144.94743874936185,144.41641180973858
0.6421875,-2.2627416997969525,-176.7766952966369,178.19090885901,0.0,0.0,4.242640687119286,328.0975464705581,-332.34018715767735,-229.0,-1.0,0.0,0.04,0.0,0.02,0.0,0.0,0.0,0.0,60.0,269.51542163668483,269.53942197756527,269.52632060709766,144.416619542212,145.0011120647011,144.41641180973858
0.6427083333333333,-41.860721446243616,-155.56349186104046,195.16147160748713,0.0,-0.8,79.19595949289332,285.67113959936523,-363.45288552988546,-147.0,-1.0,0.0,0.03,0.0,0.02,0.0,0.0,0.0,0.0,60.0,269.5023190994838,269.53942197756527,269.46660275440445,144.41661954221198,145.04830229961328,144.41641180973858
0.6432291666666666,-81.45870119269028,-125.58216433873085,205.0609665440988,0.0,-1.6,149.9066376115481,230.5168106668145,-380.42344827836257,-58.0,-1.0,0.0,0.04,0.0,0.02,0.0,0.0,0.0,0.0,60.0,269.47761966441664,269.53942197756527,269.46660275440445,144.41661954221198,145.10895906180295,144.47893445066654
0.64375,-116.53119753954304,-89.37829714197962,205.0609665440988,0.0,-0.8,217.78888860545666,164.04877323527904,-380.42344827836257,37.0,-1.0,0.0,0.04,0.0,0.03,0.0,0.0,0.0,0.0,60.0,269.4417840647586,269.5662024438524,269.46660275440445,144.38794963569504,145.10895906180292,144.60346641764852
0.6442708333333333,-147.0782104868019,-48.64894654563447,196.57568516986024,0.0,0.8,275.77164466275354,91.92388155425118,-367.6955262170047,130.0,-1.0,0.0,0.04,0.0,0.04,0.0,0.0,0.0,0.0,60.0,269.3964318620423,269.58115661151095,269.5267843832965,144.38794963569504,145.10895906180292,144.66331601342478
0.6447916666666667,-173.9482681718907,-11.313708498984761,183.84776310850236,0.0,-1.6,322.4406922210657,16.970562748477143,-339.4112549695428,216.0,-1.0,0.0,0.04,0.0,0.04,0.0,0.0,0.0,0.0,60.0,269.3434146215571,269.58382277132284,269.5267843832965,144.387949635695,145.11157776001195,144.71925407491568
0.6453125,-193.74725804511402,30.547012947258857,161.22034611053286,0.0,-1.6,357.7960312803931,-57.9827560572969,-299.8132752230962,293.0,-1.0,0.0,0.04,0.0,0.04,0.0,0.0,0.0,0.0,60.0,269.28458459406846,269.5742012878829,269.5267843832965,144.5638007939747,145.09614054136657,144.71925407491568
0.6458333333333334,-203.6467529817257,69.01362184380704,133.5017602880202,0.8,-0.8,377.5950211536164,-128.69343417595167,-248.90158697766475,358.0,-1.0,0.01,0.05,0.0,0.04,0.0,0.0,0.0,0.0,60.0,269.2224916309928,269.55298644236905,269.56747763778924,144.6873957882994,145.06195228246446,144.71925407491568
0.6463541666666667,-206.4751801064719,104.08611819065979,100.69200564096438,1.6,-0.8,383.2518754031088,-197.9898987322333,-185.26197667087547,410.0,-1.0,0.01,0.05,0.0,0.04,0.0,0.0,0.0,0.0,60.0,269.2224916309928,269.5204073906093,269.5977327426921,144.6873957882994,145.0106547809505,144.71925407491568
0.646875,-200.8183258569795,136.89587283771561,61.09402589451771,0.0,-2.4,374.7665940288702,-260.2152954766495,-114.5512985522207,448.0,-1.0,0.01,0.05,0.01,0.05,0.0,0.0,0.0,0.0,60.0,269.2224916309928,269.47761966441664,269.61639416029584,144.74850603719543,144.94333375495404,144.71925407491568
0.6473958333333333,-189.50461735799476,164.04877323527904,21.496046148071045,0.0,-3.2,350.7249634685276,-308.29855659733477,-42.42640687119285,466.0,-1.0,0.02,0.05,0.01,0.05,0.0,0.0,0.0,0.0,60.0,269.2224916309928,269.4269381483596,269.6232324930476,144.74850603719543,144.8423971080291,144.71386422869094
0.6479166666666667,-171.11984104714452,183.84776310850236,-15.839191898578665,0.0,-1.6,315.36962440920024,-346.4823227814083,31.112698372208094,468.0,-1.0,0.02,0.06,0.01,0.05,0.0,0.0,0.0,0.0,60.0,269.2741400506183,269.4269381483596,269.61801683121996,144.8005265874403,144.78607495197872,144.70985626418124
0.6484375,-147.0782104868019,199.40411229460642,-54.30580079512685,0.0,-1.6,268.70057685088807,-371.93816690412405,103.23759005323595,452.0,-1.0,0.02,0.06,0.01,0.06,0.0,0.0,0.0,0.0,60.0,269.31812044494893,269.4269381483596,269.60097829941196,144.84519322366208,144.78607495197872,144.70985626418124
0.6489583333333333,-109.74297244015217,202.2325394193526,-91.64103884177656,0.8,0.8,202.2325394193526,-379.0092347159895,176.7766952966369,410.0,-1.0,0.03,0.06,0.01,0.06,0.0,0.0,0.0,0.0,60.0,269.35118804267415,269.4269381483596,269.57188280679424,144.84519322366208,144.6617001835662,144.66451707312336
0.6494791666666667,-64.48813844421313,196.57568516986024,-133.5017602880202,0.8,-0.8,114.5512985522207,-366.2813126546316,250.31580054003783,341.0,-1.0,0.02,0.06,0.01,0.06,0.0,0.0,0.0,0.0,60.0,269.36986654041317,269.4269381483596,269.48933188532715,144.86079524840392,144.54067766549318,144.66451707312336
0.65,-20.36467529817257,186.67619023324855,-165.46298679765212,0.0,0.8,39.59797974644666,-347.8965363437814,306.88434303496166,275.0,-1.0,0.02,0.05,0.01,0.05,0.0,0.0,0.0,0.0,60.0,269.37624709688123,269.48388170723683,269.48933188532715,144.85568680586897,144.54067766549318,144.71484028944644
0.6505208333333333,5.656854249492381,175.3624817342638,-182.43354954612929,0.0,-0.8,-8.485281374238571,-326.683332908185,335.16861428242356,224.0,-1.0,0.02,0.05,0.01,0.05,0.0,0.0,0.0,0.0,60.0,269.37473897899184,269.48388170723683,269.48933188532715,144.85416804496862,144.54067766549318,144.77032672478154
0.6510416666666666,31.67838379715733,155.56349186104046,-188.09040379562165,0.8,0.0,-59.396969619669996,-291.3279938488576,350.7249634685276,163.0,-1.0,0.01,0.05,0.01,0.05,0.0,0.0,0.0,0.0,60.0,269.36487800008376,269.53153804332436,269.48933188532715,144.8617616902404,144.54067766549318,144.82751810343225
0.6515625,65.61950929411161,130.10764773832474,-195.16147160748713,1.6,0.0,-127.27922061357856,-237.58787847867998,364.86709909225857,78.0,-1.0,0.02,0.06,0.01,0.05,0.0,0.0,0.0,0.0,60.0,269.3226457244173,269.57037578339356,269.48933188532715,144.8617616902404,144.60376032455034,144.76773639178035
0.6520833333333333,105.21748904055829,93.90378054157352,-200.8183258569795,0.8,-1.6,-203.6467529817257,-169.7056274847714,373.3523804664971,-23.0,-1.0,0.01,0.05,0.0,0.05,0.0,0.0,0.0,0.0,60.0,269.255338851433,269.5980804827809,269.48933188532715,144.80984082582233,144.60376032455034,144.70620235497856
0.6526041666666667,145.6639969244288,50.91168824543143,-197.9898987322333,0.0,-0.8,-272.9432175380074,-93.33809511662427,366.2813126546316,-126.0,-1.0,0.01,0.05,0.0,0.04,0.0,0.0,0.0,0.0,60.0,269.255338851433,269.5980804827809,269.54927657109374,144.8540731218836,144.59117365869884,144.76644120789874
0.653125,172.5340546095176,11.313708498984761,-183.84776310850236,0.0,0.0,-322.4406922210657,-16.970562748477143,339.4112549695428,-215.0,-1.0,0.01,0.05,0.0,0.04,0.0,0.0,0.0,0.0,60.0,269.255338851433,269.6007464752277,269.54927657109374,144.8540731218836,144.59615313001933,144.8223394369805
0.6536458333333334,190.91883092036784,-28.284271247461902,-162.63455967290594,0.8,0.0,-356.38181771802,55.15432893255071,301.2274887854693,-291.0,-1.0,0.0,0.05,0.0,0.04,0.0,0.0,0.0,0.0,60.0,269.19672174824126,269.59158926049605,269.54927657109374,144.8540731218836,144.5890988283695,144.82233943698054
0.6541666666666667,203.6467529817257,-64.48813844421313,-135.76450198781714,0.8,2.4,-376.1808075912433,123.03657992645928,253.14422766478404,-354.0,-1.0,0.0,0.05,0.0,0.04,0.0,0.0,0.0,0.0,60.0,269.1967217482412,269.5507837124575,269.5906619302679,144.9774206557697,144.5570043270128,144.85534163433533
0.6546875,206.4751801064719,-101.82337649086286,-102.95474734076133,0.0,0.8,-383.2518754031088,193.74725804511402,188.09040379562165,-408.0,-1.0,0.0,0.04,0.0,0.03,0.0,0.0,0.0,0.0,60.0,269.19672174824126,269.5189000793822,269.62137804706805,144.9774206557697,144.53196013339056,144.88032992784082
0.6552083333333333,200.8183258569795,-136.89587283771561,-63.35676759431466,0.0,-0.0,-374.7665940288702,257.38686835190333,115.9655121145938,-447.0,-1.0,0.0,0.04,0.0,0.03,0.0,0.0,0.0,0.0,60.0,269.25812429711385,269.47657597646594,269.62137804706805,144.9774206557697,144.53196013339056,144.8956521086813
0.6557291666666667,188.09040379562165,-164.04877323527904,-24.890158697766477,0.0,-0.8,-350.7249634685276,304.05591591021545,45.254833995939045,-463.0,-1.0,0.0,0.04,0.0,0.02,0.0,0.0,0.0,0.0,60.0,269.3155676896529,269.42659018738294,269.6286798543508,144.91985716250207,144.4815732195632,144.9015872928934
0.65625,166.87720036002523,-183.84776310850236,13.576450198781712,0.0,-1.6,-315.36962440920024,340.82546853191593,-26.870057685088806,-464.0,-1.0,0.0,0.03,0.0,0.03,0.0,0.0,0.0,0.0,60.0,269.3671982628917,269.3705626084632,269.6241597112544,144.81717784848593,144.4815732195632,144.8981366339816
0.6567708333333333,144.2497833620557,-196.57568516986024,53.17442994522838,0.0,0.8,-268.70057685088807,367.6955262170047,-98.99494936611666,-450.0,-1.0,0.0,0.03,0.0,0.03,0.0,0.0,0.0,0.0,60.0,269.3671982628917,269.3101139950002,269.5912415120343,144.81717784848593,144.42121554674713,144.91097266942901
0.6572916666666667,113.13708498984761,-205.0609665440988,88.24692629208114,0.0,-2.4,-209.30360723121808,380.42344827836257,-169.7056274847714,-417.0,-1.0,0.0,0.03,0.0,0.02,0.0,0.0,0.0,0.0,60.0,269.4014198180849,269.37241878113656,269.5633042533794,144.84465816867393,144.5457972408745,144.86735312001804
0.6578125,75.8018469431979,-200.8183258569795,123.3194226389339,0.8,-1.6,-140.00714267493643,376.1808075912433,-234.7594513539338,-366.0,-1.0,0.0,0.03,0.0,0.02,0.0,0.0,0.0,0.0,60.0,269.4242704360541,269.43401325742076,269.5246973841173,144.86302150652526,144.5457972408745,144.8371154090001
0.6583333333333333,38.46660889654819,-190.91883092036784,152.73506473629428,0.0,-0.0,-70.71067811865476,359.21024484276614,-288.4995667241114,-304.0,-1.0,0.0,0.03,0.0,0.02,0.0,0.0,0.0,0.0,60.0,269.43575300987806,269.49281066477454,269.4772717688822,144.87227132891928,144.42813957120683,144.79028800302873
0.6588541666666666,0.0,-176.7766952966369,175.3624817342638,0.8,-0.8,2.8284271247461903,329.5117600329312,-332.34018715767735,-231.0,-1.0,0.0,0.03,0.0,0.01,0.0,0.0,0.0,0.0,60.0,269.43517309364046,269.54672600497304,269.4772717688822,144.87171911729357,144.42813957120683,144.6823330610894
0.659375,-41.860721446243616,-155.56349186104046,195.16147160748713,0.8,-2.4,76.36753236814714,287.08535316173834,-363.45288552988546,-149.0,-1.0,0.0,0.03,0.0,0.02,0.0,0.0,0.0,0.0,60.0,269.40965554337504,269.5936757418467,269.4772717688822,144.87171911729357,144.42813957120683,144.6823330610894
0.6598958333333333,-79.19595949289332,-125.58216433873085,203.6467529817257,0.8,-0.8,148.49242404917499,231.9310242291876,-380.42344827836257,-60.0,-1.0,0.0,0.04,0.0,0.03,0.0,0.0,0.0,0.0,60.0,269.3851796220423,269.6315773421207,269.4772717688822,144.83250671033767,144.42813957120683,144.61989835427212
0.6604166666666667,-116.53119753954304,-90.50966799187809,202.2325394193526,0.0,-3.2,216.37467504308356,165.46298679765212,-381.8376618407357,35.0,-1.0,0.0,0.04,0.0,0.03,0.0,0.0,0.0,0.0,60.0,269.34956376426527,269.6585804308849,269.53976979288234,144.83250671033767,144.4501557631559,144.4953805489989
0.6609375,-147.0782104868019,-50.91168824543143,195.16147160748713,0.0,-2.4,274.35743110038044,93.33809511662427,-367.6955262170047,128.0,-1.0,0.0,0.04,0.0,0.04,0.0,0.0,0.0,0.0,60.0,269.3044281106421,269.67376123753684,269.53976979288234,144.83250671033767,144.47452197532962,144.43546136596788
0.6614583333333334,-173.9482681718907,-10.182337649086286,183.84776310850236,0.8,-0.8,322.4406922210657,18.38477631085024,-340.82546853191593,214.0,-1.0,0.0,0.04,0.0,0.04,0.0,0.0,0.0,0.0,60.0,269.3044281106421,269.67665824093865,269.59553037838,144.83250671033767,144.47189172984483,144.43546136596788
0.6619791666666667,-192.33304448274095,29.41564209736038,161.22034611053286,0.0,-0.8,357.7960312803931,-56.568542494923804,-301.2274887854693,292.0,-1.0,0.0,0.04,0.0,0.04,0.0,0.0,0.0,0.0,60.0,269.3044281106421,269.66727183698066,269.644789491657,144.77359047837422,144.46455447617592,144.43546136596788
0.6625,-202.2325394193526,66.7508801440101,135.76450198781714,0.8,-0.0,377.5950211536164,-127.27922061357856,-250.31580054003783,357.0,-1.0,0.01,0.04,0.0,0.04,0.0,0.0,0.0,0.0,60.0,269.3044281106421,269.64629609916767,269.6856966915376,144.7116270380511,144.43132451099382,144.50135812510553
0.6630208333333333,-206.4751801064719,105.21748904055829,100.69200564096438,0.8,-0.8,383.2518754031088,-196.57568516986024,-186.67619023324855,410.0,-1.0,0.01,0.05,0.0,0.05,0.0,0.0,0.0,0.0,60.0,269.3044281106421,269.61396013559835,269.71617026051666,144.7116270380511,144.4569399509764,144.50135812510553
0.6635416666666667,-200.8183258569795,139.15861453751256,63.35676759431466,0.8,0.8,374.7665940288702,-258.80108191427644,-115.9655121145938,448.0,-1.0,0.01,0.06,0.0,0.05,0.0,0.0,0.0,0.0,60.0,269.3044281106421,269.57141910818365,269.7350551930542,144.7116270380511,144.52448754449884,144.53180445839595
0.6640625,-189.50461735799476,165.46298679765212,23.758787847868,0.0,-0.8,352.13917703090067,-308.29855659733477,-43.84062043356595,466.0,-1.0,0.02,0.05,0.01,0.05,0.0,0.0,0.0,0.0,60.0,269.36209365833196,269.57141910818365,269.74212222046447,144.7116270380511,144.57485950192034,144.54287426227555
0.6645833333333333,-171.11984104714452,185.26197667087547,-13.576450198781712,0.0,0.8,316.7838379715733,-345.0681092190352,29.698484809834998,468.0,-1.0,0.02,0.06,0.01,0.06,0.0,0.0,0.0,0.0,60.0,269.4139473004321,269.5147259427581,269.73714056466156,144.7116270380511,144.63126390929455,144.53567898619357
0.6651041666666667,-147.0782104868019,199.40411229460642,-52.043059095329895,0.0,0.0,270.1147904132612,-370.52395334175094,101.82337649086286,453.0,-1.0,0.02,0.06,0.0,0.05,0.0,0.0,0.0,0.0,60.0,269.45813682277253,269.45384576954916,269.72034127962985,144.7116270380511,144.63126390929455,144.50966230671222
0.665625,-112.00571413994913,203.6467529817257,-92.77240969167504,0.0,-0.8,203.6467529817257,-379.0092347159895,175.3624817342638,411.0,-1.0,0.02,0.06,0.01,0.06,0.0,0.0,0.0,0.0,60.0,269.49141915838436,269.45384576954916,269.69149041080254,144.76579361161257,144.69326176432682,144.5322195913423
0.6661458333333333,-64.48813844421313,196.57568516986024,-131.23901858822322,0.0,0.8,115.9655121145938,-366.2813126546316,250.31580054003783,343.0,-1.0,0.03,0.06,0.01,0.05,0.0,0.0,0.0,0.0,60.0,269.5103198395193,269.4538457695492,269.69149041080254,144.76579361161257,144.69326176432682,144.4674444295323
0.6666666666666666,-21.496046148071045,183.84776310850236,-165.46298679765212,0.0,-1.6,41.01219330881976,-347.8965363437814,305.47012947258855,276.0,-1.0,0.02,0.06,0.01,0.05,0.0,0.0,0.0,0.0,60.0,269.51692896736563,269.45384576954916,269.6413126729656,144.7709052261538,144.58004703277697,144.4674444295323
0.6671875,5.656854249492381,175.3624817342638,-179.60512242138307,0.8,0.8,-7.0710678118654755,-326.683332908185,333.75440072005046,226.0,-1.0,0.02,0.05,0.0,0.06,0.0,0.0,0.0,0.0,60.0,269.51565353426133,269.45384576954916,269.5864889047669,144.7709052261538,144.58004703277697,144.35665034905733
0.6677083333333333,29.41564209736038,155.56349186104046,-189.50461735799476,0.8,-2.4,-57.9827560572969,-291.3279938488576,349.3107499061545,164.0,-1.0,0.02,0.05,0.01,0.05,0.0,0.0,0.0,0.0,60.0,269.50602961714975,269.45384576954916,269.5291032523204,144.75598433225483,144.58004703277697,144.4144383363381
0.6682291666666667,64.48813844421313,128.97627688842627,-195.16147160748713,0.0,-1.6,-125.86500705120547,-239.0020920410531,364.86709909225857,80.0,-1.0,0.02,0.05,0.0,0.05,0.0,0.0,0.0,0.0,60.0,269.48527325254713,269.492926623316,269.5291032523204,144.74009465244936,144.5483656081936,144.4144383363381
0.66875,105.21748904055829,93.90378054157352,-200.8183258569795,0.0,-0.8,-202.2325394193526,-172.5340546095176,373.3523804664971,-21.0,-1.0,0.01,0.05,0.0,0.05,0.0,0.0,0.0,0.0,60.0,269.45199015780156,269.5490447024437,269.5291032523204,144.74009465244936,144.5483656081936,144.4144383363381
0.6692708333333334,144.2497833620557,52.043059095329895,-195.16147160748713,0.0,0.8,-271.5290039756343,-94.75230867899738,366.2813126546316,-124.0,-1.0,0.01,0.05,0.0,0.05,0.0,0.0,0.0,0.0,60.0,269.4073356462292,269.56446353330773,269.5291032523204,144.69582751413392,144.56095600126613,144.29407472242235
0.6697916666666667,171.11984104714452,10.182337649086286,-183.84776310850236,0.8,-1.6,-322.4406922210657,-18.38477631085024,339.4112549695428,-215.0,-1.0,0.01,0.05,0.0,0.05,0.0,0.0,0.0,0.0,60.0,269.4073356462292,269.56736171131695,269.5291032523204,144.6433372126072,144.55832732845246,144.29407472242235
0.6703125,189.50461735799476,-27.152900397563425,-162.63455967290594,0.0,-0.8,-356.38181771802,53.74011537017761,302.64170234784234,-289.0,-1.0,0.0,0.05,0.0,0.04,0.0,0.0,0.0,0.0,60.0,269.4073356462292,269.55843522323687,269.57860634701706,144.585208441251,144.55154789901076,144.29407472242235
0.6708333333333333,200.8183258569795,-63.35676759431466,-138.0272436876141,0.0,-0.8,-376.1808075912433,121.62236636408618,254.55844122715712,-352.0,-1.0,0.0,0.04,0.0,0.03,0.0,0.0,0.0,0.0,60.0,269.4073356462292,269.53837852892116,269.6202190118538,144.46152601990607,144.53591249236297,144.3611443567832
0.6713541666666667,205.0609665440988,-102.95474734076133,-104.08611819065979,0.0,-1.6,-383.2518754031088,193.74725804511402,189.50461735799476,-407.0,-1.0,0.0,0.04,0.0,0.03,0.0,0.0,0.0,0.0,60.0,269.4073356462292,269.53837852892116,269.6511635428262,144.39856301224054,144.56095600126613,144.38649521336822
0.671875,200.8183258569795,-136.89587283771561,-63.35676759431466,0.8,0.8,-376.1808075912433,257.38686835190333,117.3797256769669,-447.0,-1.0,0.0,0.03,0.0,0.02,0.0,0.0,0.0,0.0,60.0,269.4689221413111,269.53837852892116,269.6702847923738,144.39856301224054,144.56095600126613,144.3864952133682
0.6723958333333333,189.50461735799476,-161.22034611053286,-26.021529547664947,0.8,2.4,-350.7249634685276,304.05591591021545,46.66904755831214,-463.0,-1.0,0.0,0.04,0.0,0.02,0.0,0.0,0.0,0.0,60.0,269.4689221413111,269.53837852892116,269.6778170335855,144.45633423287467,144.46148275578514,144.39272834876414
0.6729166666666667,168.29141392239833,-181.01933598375618,11.313708498984761,1.6,-0.8,-315.36962440920024,340.82546853191593,-25.455844122715714,-464.0,-1.0,0.0,0.03,0.0,0.02,0.0,0.0,0.0,0.0,60.0,269.4689221413111,269.53837852892116,269.6735294759202,144.50759495611294,144.34981815021453,144.3866337304115
0.6734375,144.2497833620557,-195.16147160748713,52.043059095329895,0.8,0.8,-270.1147904132612,367.6955262170047,-97.58073580374356,-451.0,-1.0,0.0,0.04,0.0,0.02,0.0,0.0,0.0,0.0,60.0,269.5131026499454,269.53837852892116,269.65742155557297,144.50759495611297,144.28983851955758,144.37375107684915
0.6739583333333333,115.39982668964456,-205.0609665440988,89.37829714197962,0.0,0.0,-210.7178207935912,379.0092347159895,-168.29141392239833,-418.0,-1.0,0.0,0.04,0.0,0.02,0.0,0.0,0.0,0.0,60.0,269.5475375513566,269.47611211385697,269.62972295353495,144.56349815911346,144.28983851955758,144.39549854479537
0.6744791666666666,76.93321779309638,-200.8183258569795,123.3194226389339,0.0,-0.8,-141.4213562373095,376.1808075912433,-233.3452377915607,-367.0,-1.0,0.0,0.04,0.0,0.02,0.0,0.0,0.0,0.0,60.0,269.5706076336959,269.47611211385697,269.59135742823804,144.58217386662852,144.28983851955758,144.39549854479537
0.675,38.46660889654819,-192.33304448274095,152.73506473629428,0.0,-0.8,-72.12489168102785,359.21024484276614,-287.08535316173834,-305.0,-1.0,0.0,0.04,0.0,0.02,0.0,0.0,0.0,0.0,60.0,269.58231581466913,269.47611211385697,269.54417541471753,144.58217386662855,144.34851921651293,144.39549854479537
0.6755208333333333,0.0,-178.19090885901,176.7766952966369,0.8,-0.8,1.4142135623730951,330.92597359530424,-330.92597359530424,-233.0,-1.0,0.0,0.04,0.0,0.02,0.0,0.0,0.0,0.0,60.0,269.58196805424507,269.5302626793511,269.4897957251814,144.58217386662855,144.40284796360493,144.4493769456968
0.6760416666666667,-39.59797974644666,-155.56349186104046,193.74725804511402,0.0,-0.8,74.95331880577405,288.4995667241114,-363.45288552988546,-151.0,-1.0,0.0,0.03,0.0,0.02,0.0,0.0,0.0,0.0,60.0,269.5695643057651,269.57744712790793,269.4897957251814,144.56225302616173,144.40284796360493,144.38987152844206
0.6765625,-79.19595949289332,-125.58216433873085,205.0609665440988,0.8,0.0,147.0782104868019,233.3452377915607,-380.42344827836257,-62.0,-1.0,0.0,0.04,0.0,0.03,0.0,0.0,0.0,0.0,60.0,269.54533477691655,269.61558282117153,269.4897957251814,144.56225302616173,144.40284796360493,144.45240565667297
0.6770833333333334,-114.26845583974608,-90.50966799187809,205.0609665440988,0.8,0.0,214.96046148071045,166.87720036002523,-381.8376618407357,33.0,-1.0,0.0,0.04,0.0,0.03,0.0,0.0,0.0,0.0,60.0,269.50997198619575,269.6428192999027,269.4897957251814,144.50579573152075,144.40284796360493,144.5769604743439
0.6776041666666667,-145.6639969244288,-50.91168824543143,197.9898987322333,0.0,0.8,272.9432175380074,94.75230867899738,-367.6955262170047,126.0,-1.0,0.0,0.04,0.0,0.03,0.0,0.0,0.0,0.0,60.0,269.4650951422095,269.65823276881423,269.4897957251814,144.46102415530635,144.40284796360493,144.69708877513742
0.678125,-172.5340546095176,-11.313708498984761,185.26197667087547,0.8,0.8,321.0264786586926,19.79898987322333,-340.82546853191593,213.0,-1.0,0.0,0.04,0.0,0.04,0.0,0.0,0.0,0.0,60.0,269.4123234003968,269.66136171131376,269.4897957251814,144.40801570550025,144.405479466674,144.7534455548468
0.6786458333333333,-190.91883092036784,29.41564209736038,162.63455967290594,0.8,0.8,356.38181771802,-55.15432893255071,-302.64170234784234,290.0,-1.0,0.0,0.05,0.0,0.04,0.0,0.0,0.0,0.0,60.0,269.3537404603842,269.65220655503634,269.53930603902654,144.3493591949753,144.405479466674,144.80287462616204
0.6791666666666667,-202.2325394193526,67.88225099390857,134.63313113791867,0.0,-0.0,377.5950211536164,-125.86500705120547,-251.73001410241093,355.0,-1.0,0.01,0.05,0.0,0.04,0.0,0.0,0.0,0.0,60.0,269.3537404603842,269.6314614432077,269.58046108722345,144.3493591949753,144.42195989530126,144.7698604682618
0.6796875,-206.4751801064719,105.21748904055829,102.95474734076133,0.0,0.8,383.2518754031088,-195.16147160748713,-188.09040379562165,409.0,-1.0,0.01,0.05,0.0,0.05,0.0,0.0,0.0,0.0,60.0,269.3537404603842,269.59935552593595,269.6111783661798,144.3493591949753,144.42195989530126,144.81958603724843
0.6802083333333333,-200.8183258569795,136.89587283771561,63.35676759431466,0.8,-0.8,376.1808075912433,-257.38686835190333,-117.3797256769669,447.0,-1.0,0.01,0.05,0.0,0.05,0.0,0.0,0.0,0.0,60.0,269.4153392069575,269.5570440556136,269.63030245133797,144.3493591949753,144.35436432612627,144.81958603724843
0.6807291666666667,-189.50461735799476,164.04877323527904,23.758787847868,0.8,-1.6,352.13917703090067,-306.88434303496166,-45.254833995939045,466.0,-1.0,0.02,0.05,0.0,0.06,0.0,0.0,0.0,0.0,60.0,269.4153392069575,269.5066093809204,269.63760401694714,144.3493591949753,144.3039154007957,144.81958603724843
0.68125,-171.11984104714452,183.84776310850236,-14.70782104868019,0.0,-0.8,316.7838379715733,-345.0681092190352,26.870057685088806,468.0,-1.0,0.02,0.05,0.01,0.05,0.0,0.0,0.0,0.0,60.0,269.4153392069576,269.5066093809204,269.62833215372603,144.3493591949753,144.2473829918588,144.82303856776377
0.6817708333333333,-148.49242404917499,199.40411229460642,-53.17442994522838,0.8,-1.6,271.5290039756343,-370.52395334175094,100.40916292848975,453.0,-1.0,0.02,0.06,0.0,0.06,0.0,0.0,0.0,0.0,60.0,269.45976044671306,269.5066093809204,269.61175790384215,144.39459823691467,144.2473829918588,144.83588125875437
0.6822916666666666,-113.13708498984761,205.0609665440988,-91.64103884177656,0.0,0.0,205.0609665440988,-379.0092347159895,173.9482681718907,412.0,-1.0,0.03,0.06,0.01,0.06,0.0,0.0,0.0,0.0,60.0,269.49327449864126,269.5066093809204,269.58312725391403,144.4221589646132,144.309978864942,144.81337127489297
0.6828125,-65.61950929411161,197.9898987322333,-131.23901858822322,0.0,0.8,118.79393923933999,-367.6955262170047,247.48737341529164,344.0,-1.0,0.02,0.06,0.01,0.06,0.0,0.0,0.0,0.0,60.0,269.53176992703476,269.5667820782079,269.5015074169345,144.43808362062964,144.37038304306049,144.81337127489297
0.6833333333333333,-20.36467529817257,189.50461735799476,-162.63455967290594,0.0,4.0,42.42640687119285,-347.8965363437814,304.05591591021545,278.0,-1.0,0.02,0.05,0.01,0.06,0.0,0.0,0.0,0.0,60.0,269.5386104067467,269.56678207820784,269.451526252868,144.4329602272279,144.59878111519475,144.71320775934723
0.6838541666666667,4.525483399593905,175.3624817342638,-179.60512242138307,0.0,0.0,-7.0710678118654755,-328.0975464705581,333.75440072005046,226.0,-1.0,0.01,0.06,0.01,0.05,0.0,0.0,0.0,0.0,60.0,269.5386104067467,269.62045081929523,269.45152625286795,144.43171396892026,144.59878111519475,144.71320775934723
0.684375,29.41564209736038,155.56349186104046,-186.67619023324855,0.0,-0.8,-56.568542494923804,-292.7422074112307,349.3107499061545,166.0,-1.0,0.02,0.05,0.01,0.05,0.0,0.0,0.0,0.0,60.0,269.52921919524795,269.6683147868878,269.45152625286795,144.43171396892026,144.59878111519475,144.59827972697323
0.6848958333333334,64.48813844421313,130.10764773832474,-195.16147160748713,0.0,-0.8,-124.45079348883237,-240.41630560342617,364.86709909225857,82.0,-1.0,0.02,0.05,0.01,0.05,0.0,0.0,0.0,0.0,60.0,269.508696520168,269.7075962964336,269.45152625286795,144.43171396892026,144.63045149621846,144.59827972697326
0.6854166666666667,104.08611819065979,95.035151391472,-200.8183258569795,0.8,-0.8,-200.8183258569795,-172.5340546095176,373.3523804664971,-20.0,-1.0,0.02,0.05,0.0,0.04,0.0,0.0,0.0,0.0,60.0,269.4756482504495,269.7075962964336,269.45152625286795,144.40609405423305,144.65354299152165,144.59827972697326
0.6859375,142.83556979968262,53.17442994522838,-196.57568516986024,0.8,-0.8,-270.1147904132612,-96.16652224137047,366.2813126546316,-122.0,-1.0,0.01,0.05,0.0,0.05,0.0,0.0,0.0,0.0,60.0,269.4312296301229,269.72323778273164,269.45152625286795,144.36215743746698,144.66640072940228,144.65813146864576
0.6864583333333333,171.11984104714452,12.445079348883239,-183.84776310850236,1.6,-0.8,-321.0264786586926,-19.79898987322333,340.82546853191593,-213.0,-1.0,0.0,0.05,0.0,0.04,0.0,0.0,0.0,0.0,60.0,269.37845125399326,269.7263659711449,269.5073050957988,144.36215743746698,144.6719305877958,144.65813146864576
0.6869791666666667,189.50461735799476,-26.021529547664947,-164.04877323527904,0.8,0.0,-356.38181771802,50.91168824543143,304.05591591021545,-287.0,-1.0,0.0,0.04,0.0,0.04,0.0,0.0,0.0,0.0,60.0,269.37845125399326,269.70921841865174,269.5570440556136,144.36215743746698,144.66543298245094,144.708025002071
0.6875,200.8183258569795,-62.22539674441619,-140.28998538741104,0.0,-0.8,-374.7665940288702,118.79393923933999,255.97265478953022,-350.0,-1.0,0.0,0.04,0.0,0.04,0.0,0.0,0.0,0.0,60.0,269.3168440703255,269.66982126296597,269.59889187457725,144.36215743746698,144.65008641545984,144.77600802619196
0.6880208333333333,206.4751801064719,-101.82337649086286,-104.08611819065979,0.0,-0.0,-383.2518754031088,192.33304448274095,190.91883092036784,-407.0,-1.0,0.0,0.04,0.0,0.03,0.0,0.0,0.0,0.0,60.0,269.3168440703255,269.63818349781246,269.6300706523662,144.42513631636288,144.6250583405241,144.77600802619196
0.6885416666666667,202.2325394193526,-136.89587283771561,-65.61950929411161,0.8,0.0,-376.1808075912433,257.38686835190333,118.79393923933999,-447.0,-1.0,0.0,0.04,0.0,0.02,0.0,0.0,0.0,0.0,60.0,269.3168440703255,269.63818349781246,269.6494251801772,144.48679005362393,144.6250583405241,144.80750153220657
0.6890625,189.50461735799476,-161.22034611053286,-24.890158697766477,0.0,1.6,-352.13917703090067,302.64170234784234,48.083261120685236,-463.0,-1.0,0.0,0.04,0.0,0.03,0.0,0.0,0.0,0.0,60.0,269.3745069601057,269.5884595081919,269.657189779913,144.4867900536239,144.6250583405241,144.80128625119323
0.6895833333333333,168.29141392239833,-182.43354954612929,12.445079348883239,0.8,-0.8,-316.7838379715733,339.4112549695428,-24.041630560342618,-464.0,-1.0,0.0,0.04,0.0,0.03,0.0,0.0,0.0,0.0,60.0,269.42635821314883,269.5326974598815,269.6531336736141,144.48679005362393,144.68057920813007,144.80418674886442
0.6901041666666666,148.49242404917499,-195.16147160748713,50.91168824543143,0.8,2.4,-271.5290039756343,367.6955262170047,-96.16652224137047,-452.0,-1.0,0.0,0.03,0.0,0.02,0.0,0.0,0.0,0.0,60.0,269.47077763646286,269.5326974598815,269.6372563278302,144.62103927160805,144.6805792081301,144.7916175059869
0.690625,115.39982668964456,-205.0609665440988,87.11555544218267,1.6,-1.6,-212.13203435596427,379.0092347159895,-166.87720036002523,-418.0,-1.0,0.0,0.03,0.0,0.02,0.0,0.0,0.0,0.0,60.0,269.50544985213196,269.5326974598815,269.6097874707074,144.62103927160805,144.68057920813007,144.7485146728629
0.6911458333333333,79.19595949289332,-202.2325394193526,123.3194226389339,0.8,-0.0,-142.83556979968262,376.1808075912433,-233.3452377915607,-367.0,-1.0,0.0,0.03,0.0,0.02,0.0,0.0,0.0,0.0,60.0,269.52875542323864,269.5326974598815,269.6097874707074,144.65920295646592,144.7421241380684,144.7485146728629
0.6916666666666667,38.46660889654819,-195.16147160748713,154.14927829866738,0.8,-1.6,-73.53910524340095,360.62445840513925,-287.08535316173834,-307.0,-1.0,0.0,0.03,0.0,0.02,0.0,0.0,0.0,0.0,60.0,269.5406972982002,269.59170517655025,269.6097874707074,144.65920295646592,144.86038968606982,144.7953555884995
0.6921875,0.0,-176.7766952966369,176.7766952966369,0.0,0.0,-1.4142135623730951,330.92597359530424,-329.5117600329312,-235.0,-1.0,0.0,0.03,0.0,0.02,0.0,0.0,0.0,0.0,60.0,269.5406972982002,269.59170517655025,269.5556528808105,144.65920295646592,144.80623260067227,144.79535558849946
0.6927083333333334,-39.59797974644666,-155.56349186104046,195.16147160748713,0.0,0.8,73.53910524340095,289.9137802864845,-362.03867196751236,-153.0,-1.0,0.0,0.03,0.0,0.02,0.0,0.0,0.0,0.0,60.0,269.52852353693476,269.6391106646067,269.4961734422216,144.65920295646592,144.80623260067227,144.85469443549286
0.6932291666666667,-78.06458864299485,-126.71353518862932,203.6467529817257,1.6,-0.8,145.6639969244288,234.7594513539338,-380.42344827836257,-64.0,-1.0,0.0,0.04,0.0,0.02,0.0,0.0,0.0,0.0,60.0,269.5045222255092,269.6774693963142,269.4961734422216,144.63998409845044,144.83702910512906,144.7923340512197
0.69375,-114.26845583974608,-91.64103884177656,205.0609665440988,0.8,-0.8,213.54624791833737,168.29141392239833,-381.8376618407357,31.0,-1.0,0.0,0.03,0.0,0.03,0.0,0.0,0.0,0.0,60.0,269.4693860162968,269.7049313601811,269.4961734422216,144.63998409845044,144.85925928293295,144.7923340512197
0.6942708333333333,-145.6639969244288,-52.043059095329895,197.9898987322333,0.8,0.0,272.9432175380074,96.16652224137047,-369.10973977937783,124.0,-1.0,0.0,0.04,0.0,0.03,0.0,0.0,0.0,0.0,60.0,269.4693860162968,269.7205730010227,269.556580331477,144.63998409845044,144.8718226571337,144.79233405121974
0.6947916666666667,-172.5340546095176,-12.445079348883239,183.84776310850236,0.0,-0.8,321.0264786586926,21.213203435596427,-342.23968209428904,211.0,-1.0,0.0,0.05,0.0,0.03,0.0,0.0,0.0,0.0,60.0,269.4693860162969,269.72393293884767,269.6125692544767,144.63998409845044,144.87472174261455,144.73599241377386
0.6953125,-192.33304448274095,29.41564209736038,162.63455967290594,0.0,0.0,356.38181771802,-52.32590180780452,-304.05591591021545,289.0,-1.0,0.01,0.04,0.0,0.04,0.0,0.0,0.0,0.0,60.0,269.4693860162969,269.7063217649894,269.66228879841543,144.69852279826495,144.87472174261455,144.73599241377386
0.6958333333333333,-202.2325394193526,66.7508801440101,135.76450198781714,0.8,-0.0,377.5950211536164,-124.45079348883237,-253.14422766478404,354.0,-1.0,0.01,0.05,0.01,0.04,0.0,0.0,0.0,0.0,60.0,269.4693860162968,269.68581256714265,269.7036568161433,144.69852279826495,144.85829282440133,144.7690142951868
0.6963541666666667,-206.4751801064719,101.82337649086286,102.95474734076133,0.0,-1.6,383.2518754031088,-193.74725804511402,-189.50461735799476,407.0,-1.0,0.01,0.05,0.0,0.05,0.0,0.0,0.0,0.0,60.0,269.4693860162968,269.6539448997548,269.734591774952,144.69852279826495,144.78247476818456,144.7690142951868
0.696875,-202.2325394193526,136.89587283771561,64.48813844421313,0.0,-0.8,376.1808075912433,-255.97265478953022,-118.79393923933999,446.0,-1.0,0.02,0.05,0.0,0.05,0.0,0.0,0.0,0.0,60.0,269.4693860162968,269.61187381122517,269.7539388034955,144.76006009946252,144.78247476818456,144.78462452898788
0.6973958333333333,-189.50461735799476,164.04877323527904,24.890158697766477,0.0,-0.8,353.5533905932738,-305.47012947258855,-46.66904755831214,466.0,-1.0,0.02,0.06,0.01,0.05,0.0,0.0,0.0,0.0,60.0,269.5272481586973,269.5616812531039,269.76146870893183,144.76006009946252,144.78247476818456,144.79056426438845
0.6979166666666666,-172.5340546095176,185.26197667087547,-13.576450198781712,0.0,0.0,318.1980515339464,-343.65389565666214,25.455844122715714,468.0,-1.0,0.02,0.05,0.01,0.06,0.0,0.0,0.0,0.0,60.0,269.5793018760899,269.5052179457756,269.75718248083774,144.8125080923606,144.83879832420592,144.78711095950496
0.6984375,-149.9066376115481,200.8183258569795,-53.17442994522838,0.8,-1.6,271.5290039756343,-370.52395334175094,98.99494936611666,453.0,-1.0,0.03,0.06,0.01,0.06,0.0,0.0,0.0,0.0,60.0,269.5793018760899,269.5052179457756,269.74084785215604,144.85803395048546,144.89984472041368,144.78711095950496
0.6989583333333333,-114.26845583974608,203.6467529817257,-91.64103884177656,0.0,-1.6,206.4751801064719,-379.0092347159895,172.5340546095176,413.0,-1.0,0.02,0.05,0.0,0.06,0.0,0.0,0.0,0.0,60.0,269.61303288231454,269.5052179457756,269.71246263382045,144.8857826013305,144.83750377578315,144.78711095950496
0.6994791666666667,-67.88225099390857,197.9898987322333,-130.10764773832474,0.8,0.0,120.20815280171308,-367.6955262170047,246.07315985291856,346.0,-1.0,0.02,0.05,0.01,0.06,0.0,0.0,0.0,0.0,60.0,269.63262043009564,269.5052179457756,269.67202302055733,144.91835632520818,144.83750377578318,144.755198524958
0.7,-24.890158697766477,185.26197667087547,-162.63455967290594,1.6,-1.6,43.84062043356595,-347.8965363437814,302.64170234784234,279.0,-1.0,0.02,0.06,0.01,0.05,0.0,0.0,0.0,0.0,60.0,269.6396901422341,269.5052179457756,269.6223052716522,144.94043604184446,144.66587365374048,144.755198524958
0.7005208333333334,4.525483399593905,175.3624817342638,-181.01933598375618,0.0,-0.8,-5.656854249492381,-328.0975464705581,333.75440072005046,227.0,-1.0,0.02,0.06,0.01,0.05,0.0,0.0,0.0,0.0,60.0,269.6386470816081,269.5052179457756,269.6223052716522,144.94043604184446,144.66587365374048,144.81023789773982
0.7010416666666667,28.284271247461902,155.56349186104046,-189.50461735799476,0.0,-3.2,-56.568542494923804,-294.1564209736038,349.3107499061545,167.0,-1.0,0.01,0.05,0.01,0.05,0.0,0.0,0.0,0.0,60.0,269.6386470816081,269.55333424018335,269.6223052716522,144.9333984973788,144.66587365374048,144.92499784371225
0.7015625,63.35676759431466,130.10764773832474,-195.16147160748713,0.8,-1.6,-123.03657992645928,-241.83051916579927,363.45288552988546,84.0,-1.0,0.02,0.06,0.0,0.05,0.0,0.0,0.0,0.0,60.0,269.6183645451474,269.5928643343514,269.56260868302934,144.9178042891901,144.66587365374048,144.92499784371225
0.7020833333333333,104.08611819065979,95.035151391472,-200.8183258569795,0.0,-1.6,-199.40411229460642,-173.9482681718907,373.3523804664971,-18.0,-1.0,0.01,0.05,0.0,0.05,0.0,0.0,0.0,0.0,60.0,269.5855615569944,269.6212621437709,269.56260868302934,144.91780428919012,144.66587365374048,144.92499784371225
0.7026041666666667,141.4213562373095,53.17442994522838,-197.9898987322333,0.0,-2.4,-270.1147904132612,-96.16652224137047,366.2813126546316,-122.0,-1.0,0.01,0.05,0.0,0.04,0.0,0.0,0.0,0.0,60.0,269.5855615569944,269.6212621437709,269.56260868302934,144.87445426989535,144.66587365374048,144.9851457908706
0.703125,171.11984104714452,11.313708498984761,-183.84776310850236,0.8,-1.6,-319.6122650963195,-21.213203435596427,340.82546853191593,-211.0,-1.0,0.01,0.05,0.0,0.04,0.0,0.0,0.0,0.0,60.0,269.5330452838761,269.624623319162,269.56260868302934,144.87445426989535,144.66297038288687,144.9851457908706
0.7036458333333333,189.50461735799476,-26.021529547664947,-164.04877323527904,0.8,-0.8,-354.9676041556469,49.49747468305833,305.47012947258855,-285.0,-1.0,0.0,0.04,0.0,0.04,0.0,0.0,0.0,0.0,60.0,269.47472052123925,269.61639416029584,269.6125692544767,144.87445426989535,144.66297038288687,144.9851457908706
0.7041666666666667,200.8183258569795,-62.22539674441619,-139.15861453751256,0.0,-0.8,-374.7665940288702,117.3797256769669,257.38686835190333,-348.0,-1.0,0.0,0.04,0.0,0.03,0.0,0.0,0.0,0.0,60.0,269.47472052123925,269.59703726116874,269.6546402345044,144.87445426989535,144.66297038288687,144.95106933030885
0.7046875,206.4751801064719,-100.69200564096438,-104.08611819065979,0.8,1.6,-383.2518754031088,190.91883092036784,192.33304448274095,-405.0,-1.0,0.0,0.04,0.0,0.03,0.0,0.0,0.0,0.0,60.0,269.47472052123925,269.5656228082505,269.68604431820347,144.87445426989535,144.63822108972442,144.95106933030883
0.7052083333333333,203.6467529817257,-136.89587283771561,-64.48813844421313,0.8,1.6,-377.5950211536164,255.97265478953022,120.20815280171308,-447.0,-1.0,0.0,0.04,0.0,0.03,0.0,0.0,0.0,0.0,60.0,269.53652349913546,269.52353793314603,269.70562656348125,144.93634809805303,144.63822108972442,144.9352010382571
0.7057291666666666,188.09040379562165,-161.22034611053286,-27.152900397563425,0.0,0.0,-352.13917703090067,302.64170234784234,49.49747468305833,-463.0,-1.0,0.0,0.03,0.0,0.02,0.0,0.0,0.0,0.0,60.0,269.53652349913546,269.52353793314603,269.71362127263797,144.87876828576367,144.63822108972442,144.94789581087406
0.70625,168.29141392239833,-181.01933598375618,10.182337649086286,0.8,-1.6,-316.7838379715733,337.9970414071697,-21.213203435596427,-464.0,-1.0,0.0,0.03,0.0,0.02,0.0,0.0,0.0,0.0,60.0,269.53652349913546,269.4679943889441,269.70620589819583,144.87876828576367,144.58268395627465,144.9423764811382
0.7067708333333333,145.6639969244288,-195.16147160748713,47.517575695736,0.8,-1.6,-272.9432175380074,366.2813126546316,-94.75230867899738,-452.0,-1.0,0.0,0.03,0.0,0.02,0.0,0.0,0.0,0.0,60.0,269.58115661151095,269.4077996272565,269.69056342408425,144.78901028738335,144.58268395627465,144.90635769351186
0.7072916666666667,116.53119753954304,-203.6467529817257,84.8528137423857,0.0,-1.6,-213.54624791833737,379.0092347159895,-165.46298679765212,-420.0,-1.0,0.0,0.03,0.0,0.02,0.0,0.0,0.0,0.0,60.0,269.6160464438272,269.4077996272565,269.663331767595,144.81732458514762,144.52020619968684,144.86439348577002
0.7078125,78.06458864299485,-200.8183258569795,123.3194226389339,0.8,0.0,-144.2497833620557,376.1808075912433,-231.9310242291876,-369.0,-1.0,0.0,0.03,0.0,0.02,0.0,0.0,0.0,0.0,60.0,269.6395742468082,269.4077996272565,269.6252028279256,144.79812671440195,144.4585667241649,144.86439348577002
0.7083333333333334,38.46660889654819,-193.74725804511402,151.32085117392117,0.0,-2.4,-74.95331880577405,360.62445840513925,-285.67113959936523,-308.0,-1.0,0.0,0.03,0.0,0.02,0.0,0.0,0.0,0.0,60.0,269.65174299455214,269.4077996272565,269.57825858180775,144.79812671440195,144.39906509392642,144.7711728901856
0.7088541666666667,2.2627416997969525,-178.19090885901,175.3624817342638,0.0,-0.8,-2.8284271247461903,332.34018715767735,-329.5117600329312,-237.0,-1.0,0.0,0.03,0.0,0.02,0.0,0.0,0.0,0.0,60.0,269.65209066499,269.4621958642808,269.57825858180775,144.7986792066834,144.4533748307737,144.71741429420305
0.709375,-38.46660889654819,-156.97770542341357,193.74725804511402,0.8,-1.6,70.71067811865476,291.3279938488576,-362.03867196751236,-156.0,-1.0,0.0,0.03,0.0,0.02,0.0,0.0,0.0,0.0,60.0,269.6284480539841,269.5098560349881,269.57825858180775,144.78914841934807,144.50117646579906,144.65801913478563
0.7098958333333333,-76.93321779309638,-125.58216433873085,202.2325394193526,0.8,0.0,144.2497833620557,236.17366491630688,-379.0092347159895,-66.0,-1.0,0.0,0.03,0.0,0.03,0.0,0.0,0.0,0.0,60.0,269.6046874592502,269.548465029946,269.516001380252,144.7702231123514,144.47030836819033,144.59600616891186
0.7104166666666667,-113.13708498984761,-91.64103884177656,205.0609665440988,0.8,0.0,212.13203435596427,169.7056274847714,-381.8376618407357,29.0,-1.0,0.0,0.04,0.0,0.02,0.0,0.0,0.0,0.0,60.0,269.56979615676534,269.5761719811304,269.516001380252,144.74245230753831,144.4703083681903,144.59600616891186
0.7109375,-145.6639969244288,-53.17442994522838,199.40411229460642,0.0,0.0,271.5290039756343,97.58073580374356,-369.10973977937783,122.0,-1.0,0.0,0.04,0.0,0.04,0.0,0.0,0.0,0.0,60.0,269.52516116310926,269.5920529244139,269.516001380252,144.74245230753831,144.4831824123486,144.6567229685506
0.7114583333333333,-171.11984104714452,-13.576450198781712,183.84776310850236,0.0,0.0,319.6122650963195,24.041630560342618,-342.23968209428904,209.0,-1.0,0.0,0.04,0.0,0.04,0.0,0.0,0.0,0.0,60.0,269.47263311883825,269.599471438651,269.516001380252,144.68997892044908,144.486366138816,144.6567229685506
0.7119791666666667,-189.50461735799476,26.021529547664947,162.63455967290594,0.0,-0.8,354.9676041556469,-50.91168824543143,-304.05591591021545,287.0,-1.0,0.0,0.05,0.0,0.04,0.0,0.0,0.0,0.0,60.0,269.41429527773766,269.5910096794773,269.516001380252,144.57330320636657,144.46601676518947,144.6567229685506
0.7125,-200.8183258569795,64.48813844421313,138.0272436876141,0.8,0.8,376.1808075912433,-121.62236636408618,-254.55844122715712,352.0,-1.0,0.01,0.04,0.0,0.04,0.0,0.0,0.0,0.0,60.0,269.35246425455256,269.5506677788056,269.5576237096625,144.51168637864552,144.4338949139017,144.72362454001765
0.7130208333333333,-206.4751801064719,101.82337649086286,102.95474734076133,0.8,-0.8,383.2518754031088,-192.33304448274095,-190.91883092036784,407.0,-1.0,0.01,0.05,0.0,0.04,0.0,0.0,0.0,0.0,60.0,269.35246425455256,269.519016026699,269.58880726024216,144.51168637864552,144.4338949139017,144.72362454001765
0.7135416666666666,-203.6467529817257,136.89587283771561,65.61950929411161,0.0,-0.8,376.1808075912433,-255.97265478953022,-120.20815280171308,446.0,-1.0,0.01,0.05,0.0,0.05,0.0,0.0,0.0,0.0,60.0,269.35246425455256,269.519016026699,269.60839656805945,144.57373551236753,144.4338949139017,144.73951602793207
0.7140625,-192.33304448274095,162.63455967290594,27.152900397563425,0.0,-1.6,353.5533905932738,-304.05591591021545,-49.49747468305833,465.0,-1.0,0.02,0.05,0.0,0.06,0.0,0.0,0.0,0.0,60.0,269.35246425455256,269.46903811013243,269.6241597112544,144.69041087784638,144.38390665167637,144.75222796212847
0.7145833333333333,-173.9482681718907,183.84776310850236,-11.313708498984761,0.0,-1.6,319.6122650963195,-342.23968209428904,24.041630560342618,468.0,-1.0,0.02,0.06,0.0,0.05,0.0,0.0,0.0,0.0,60.0,269.4047837362952,269.41278737283426,269.62010310805834,144.74331590785118,144.32740557496348,144.74614848071087
0.7151041666666667,-145.6639969244288,197.9898987322333,-50.91168824543143,0.0,0.8,272.9432175380074,-369.10973977937783,96.16652224137047,454.0,-1.0,0.02,0.06,0.01,0.06,0.0,0.0,0.0,0.0,60.0,269.4494386707829,269.3521161973672,269.588111755693,144.6078836025201,144.20523568858377,144.72072242771594
0.715625,-114.26845583974608,203.6467529817257,-90.50966799187809,0.8,-0.8,207.88939366884497,-379.0092347159895,171.11984104714452,415.0,-1.0,0.03,0.06,0.01,0.06,0.0,0.0,0.0,0.0,60.0,269.4834178572033,269.3521161973672,269.55994231339344,144.6078836025201,144.2052356885838,144.69847096635127
0.7161458333333334,-72.40773439350248,199.40411229460642,-130.10764773832474,1.6,-2.4,123.03657992645928,-369.10973977937783,244.65894629054546,348.0,-1.0,0.02,0.05,0.01,0.06,0.0,0.0,0.0,0.0,60.0,269.5233060423532,269.41255538671544,269.519711709552,144.67646664195252,144.26611695058546,144.6984709663513
0.7166666666666667,-22.627416997969522,188.09040379562165,-161.22034611053286,0.8,2.4,46.66904755831214,-349.3107499061545,301.2274887854693,281.0,-1.0,0.02,0.06,0.01,0.06,0.0,0.0,0.0,0.0,60.0,269.5381466508962,269.4697339220121,269.47019779560037,144.66485405930496,144.3804436203186,144.64900621850123
0.7171875,2.2627416997969525,176.7766952966369,-179.60512242138307,0.8,-0.8,-4.242640687119286,-328.0975464705581,332.34018715767735,229.0,-1.0,0.02,0.05,0.0,0.06,0.0,0.0,0.0,0.0,60.0,269.53733507623764,269.4697339220121,269.4155711906793,144.66319504283044,144.43432763716527,144.59390547322528
0.7177083333333333,27.152900397563425,158.39191898578665,-186.67619023324855,0.0,-0.8,-55.15432893255071,-294.1564209736038,349.3107499061545,168.0,-1.0,0.02,0.06,0.0,0.05,0.0,0.0,0.0,0.0,60.0,269.5281757071049,269.4697339220121,269.4155711906793,144.65642052809133,144.5303601323957,144.4788825399754
0.7182291666666667,63.35676759431466,132.3703894381217,-195.16147160748713,0.8,0.0,-123.03657992645928,-241.83051916579927,364.86709909225857,85.0,-1.0,0.01,0.05,0.0,0.05,0.0,0.0,0.0,0.0,60.0,269.5281757071049,269.4697339220121,269.47530035236997,144.65642052809133,144.59455383934764,144.47888253997536
0.71875,104.08611819065979,96.16652224137047,-200.8183258569795,0.0,0.0,-197.9898987322333,-176.7766952966369,373.3523804664971,-15.0,-1.0,0.02,0.05,0.0,0.04,0.0,0.0,0.0,0.0,60.0,269.49559365600027,269.5272481586973,269.47530035236997,144.65642052809133,144.61792765767322,144.47888253997536
0.7192708333333333,142.83556979968262,54.30580079512685,-197.9898987322333,0.0,-0.8,-268.70057685088807,-97.58073580374356,366.2813126546316,-120.0,-1.0,0.01,0.05,0.0,0.04,0.0,0.0,0.0,0.0,60.0,269.45141027650976,269.54313198447477,269.47530035236997,144.6998358672186,144.63106512779336,144.47888253997536
0.7197916666666667,169.7056274847714,12.445079348883239,-185.26197667087547,0.8,-2.4,-319.6122650963195,-21.213203435596427,340.82546853191593,-210.0,-1.0,0.01,0.05,0.0,0.05,0.0,0.0,0.0,0.0,60.0,269.45141027650976,269.54313198447477,269.47530035236997,144.64777910496932,144.63396903908847,144.53532440202983
0.7203125,188.09040379562165,-24.890158697766477,-166.87720036002523,0.8,-2.4,-353.5533905932738,48.083261120685236,305.47012947258855,-283.0,-1.0,0.0,0.05,0.0,0.04,0.0,0.0,0.0,0.0,60.0,269.3932998424423,269.53513221841786,269.47530035236997,144.59008437648828,144.6277463006321,144.6364753442229
0.7208333333333333,200.8183258569795,-61.09402589451771,-139.15861453751256,0.0,-0.0,-373.3523804664971,115.9655121145938,257.38686835190333,-346.0,-1.0,0.0,0.04,0.0,0.03,0.0,0.0,0.0,0.0,60.0,269.33192811102066,269.516001380252,269.47530035236997,144.59008437648828,144.61267233544925,144.6364753442229
0.7213541666666666,203.6467529817257,-99.56063479106591,-105.21748904055829,0.0,-0.8,-383.2518754031088,188.09040379562165,193.74725804511402,-404.0,-1.0,0.0,0.04,0.0,0.03,0.0,0.0,0.0,0.0,60.0,269.33192811102066,269.45384576954916,269.5069572385841,144.4646756131062,144.588191080738,144.66205445796766
0.721875,202.2325394193526,-135.76450198781714,-65.61950929411161,1.6,0.8,-377.5950211536164,254.55844122715712,121.62236636408618,-446.0,-1.0,0.0,0.04,0.0,0.03,0.0,0.0,0.0,0.0,60.0,269.33192811102066,269.41197542054437,269.5267843832965,144.4025796168476,144.55485118113472,144.67795270876624
0.7223958333333333,190.91883092036784,-162.63455967290594,-29.41564209736038,1.6,-0.8,-353.5533905932738,302.64170234784234,50.91168824543143,-463.0,-1.0,0.0,0.04,0.0,0.02,0.0,0.0,0.0,0.0,60.0,269.38981977795675,269.41197542054437,269.53501627803394,144.51852822389247,144.60434813656192,144.6917758547458
0.7229166666666667,171.11984104714452,-179.60512242138307,9.05096679918781,0.8,0.0,-318.1980515339464,337.9970414071697,-19.79898987322333,-464.0,-1.0,0.0,0.03,0.0,0.02,0.0,0.0,0.0,0.0,60.0,269.44190004526024,269.41197542054437,269.5316539852045,144.62228389843662,144.54923036806525,144.68942601309882
0.7234375,147.0782104868019,-195.16147160748713,48.64894654563447,0.8,0.8,-272.9432175380074,366.2813126546316,-93.33809511662427,-452.0,-1.0,0.0,0.04,0.0,0.02,0.0,0.0,0.0,0.0,60.0,269.44190004526024,269.41197542054437,269.5162332773297,144.66700556795942,144.54923036806525,144.70117483973655
0.7239583333333334,117.66256838944152,-203.6467529817257,87.11555544218267,0.0,0.8,-214.96046148071045,379.0092347159895,-164.04877323527904,-420.0,-1.0,0.0,0.03,0.0,0.02,0.0,0.0,0.0,0.0,60.0,269.47703983827637,269.41197542054437,269.48921592523885,144.69562018250588,144.54923036806525,144.74318636813274
0.7244791666666667,78.06458864299485,-202.2325394193526,122.18805178903543,0.8,-1.6,-145.6639969244288,376.1808075912433,-230.5168106668145,-370.0,-1.0,0.0,0.03,0.0,0.02,0.0,0.0,0.0,0.0,60.0,269.50081168708937,269.41197542054437,269.45129430010167,144.69562018250588,144.61083119877296,144.7131991215729
0.725,39.59797974644666,-195.16147160748713,151.32085117392117,0.0,-3.2,-76.36753236814714,360.62445840513925,-284.2569260369921,-309.0,-1.0,0.0,0.03,0.0,0.02,0.0,0.0,0.0,0.0,60.0,269.51321859975627,269.41197542054437,269.4045517432844,144.70515712993785,144.67024573145648,144.7131991215729
0.7255208333333333,1.1313708498984762,-179.60512242138307,173.9482681718907,0.0,-3.2,-4.242640687119286,332.34018715767735,-328.0975464705581,-239.0,-1.0,0.0,0.04,0.0,0.02,0.0,0.0,0.0,0.0,60.0,269.5137983480623,269.41197542054437,269.35060794436686,144.70474249311943,144.72488555877322,144.65985102992468
0.7260416666666667,-37.33523804664971,-156.97770542341357,193.74725804511402,0.0,-0.8,69.29646455628166,292.7422074112307,-360.62445840513925,-157.0,-1.0,0.0,0.03,0.0,0.02,0.0,0.0,0.0,0.0,60.0,269.5023190994838,269.4598764194773,269.29131530741944,144.69548196125547,144.7248855587732,144.65985102992468
0.7265625,-74.67047609329941,-128.97627688842627,202.2325394193526,0.8,-0.8,142.83556979968262,237.58787847867998,-379.0092347159895,-68.0,-1.0,0.0,0.04,0.0,0.03,0.0,0.0,0.0,0.0,60.0,269.4787793129545,269.4987244867775,269.29131530741944,144.65843390552797,144.81813594988716,144.65985102992468
0.7270833333333333,-113.13708498984761,-93.90378054157352,205.0609665440988,0.8,-1.6,210.7178207935912,172.5340546095176,-381.8376618407357,27.0,-1.0,0.0,0.04,0.0,0.02,0.0,0.0,0.0,0.0,60.0,269.4441036653057,269.5548413588597,269.29131530741944,144.65843390552797,144.86342706149128,144.65985102992468
0.7276041666666667,-144.2497833620557,-54.30580079512685,199.40411229460642,0.8,0.0,270.1147904132612,98.99494936611666,-369.10973977937783,120.0,-2.0,0.0,0.04,0.0,0.03,0.0,0.0,0.0,0.0,60.0,269.39967984390773,269.57095540877543,269.29131530741944,144.61414177043685,144.87654226961658,144.65985102992468
0.728125,-171.11984104714452,-12.445079348883239,185.26197667087547,0.8,1.6,318.1980515339464,25.455844122715714,-343.65389565666214,207.0,-1.0,0.0,0.04,0.0,0.04,0.0,0.0,0.0,0.0,60.0,269.34735937075754,269.57501275155306,269.34759141302897,144.61414177043685,144.8733671176314,144.7162223111148
0.7286458333333333,-189.50461735799476,26.021529547664947,165.46298679765212,1.6,1.6,354.9676041556469,-48.083261120685236,-305.47012947258855,285.0,-1.0,0.0,0.04,0.0,0.04,0.0,0.0,0.0,0.0,60.0,269.34735937075754,269.5587830140209,269.39759186006097,144.61414177043685,144.8733671176314,144.81638374161952
0.7291666666666666,-202.2325394193526,64.48813844421313,136.89587283771561,0.8,-0.8,376.1808075912433,-120.20815280171308,-255.97265478953022,351.0,-1.0,0.0,0.05,0.0,0.04,0.0,0.0,0.0,0.0,60.0,269.34735937075754,269.538958223111,269.4394644442421,144.67571496280917,144.8733671176314,144.78282011343748
0.7296875,-207.88939366884497,99.56063479106591,102.95474734076133,0.8,-4.0,383.2518754031088,-190.91883092036784,-192.33304448274095,406.0,-1.0,0.02,0.04,0.0,0.05,0.0,0.0,0.0,0.0,60.0,269.34735937075754,269.5075370003592,269.47089360448564,144.73898921852398,144.82421240938962,144.78282011343748
0.7302083333333333,-200.8183258569795,135.76450198781714,64.48813844421313,0.8,-0.8,376.1808075912433,-254.55844122715712,-121.62236636408618,445.0,-1.0,0.02,0.05,0.0,0.05,0.0,0.0,0.0,0.0,60.0,269.34735937075754,269.46567499405194,269.4907234024949,144.61543831832066,144.79092685662317,144.76693337913875
0.7307291666666667,-190.91883092036784,162.63455967290594,28.284271247461902,0.0,-0.0,353.5533905932738,-302.64170234784234,-50.91168824543143,465.0,-1.0,0.01,0.06,0.01,0.05,0.0,0.0,0.0,0.0,60.0,269.34735937075754,269.41591916588743,269.49895639872153,144.55686597322176,144.79092685662317,144.7737027225594
0.73125,-172.5340546095176,182.43354954612929,-11.313708498984761,0.8,-0.8,319.6122650963195,-342.23968209428904,22.627416997969522,468.0,-1.0,0.02,0.06,0.01,0.05,0.0,0.0,0.0,0.0,60.0,269.34735937075754,269.41591916588743,269.4951298261251,144.50389268113162,144.73501649566356,144.7737027225594
0.7317708333333334,-149.9066376115481,196.57568516986024,-49.780317395532954,0.0,-1.6,274.35743110038044,-369.10973977937783,94.75230867899738,454.0,-1.0,0.02,0.06,0.01,0.06,0.0,0.0,0.0,0.0,60.0,269.392255827817,269.41591916588743,269.4794750996818,144.63942235780672,144.6747645583016,144.76140714983396
0.7322916666666667,-115.39982668964456,203.6467529817257,-88.24692629208114,0.8,-0.0,210.7178207935912,-379.0092347159895,169.7056274847714,416.0,-1.0,0.02,0.06,0.01,0.06,0.0,0.0,0.0,0.0,60.0,269.4609201721096,269.4159191658875,269.451526252868,144.66748943698443,144.6747645583016,144.71774251970626
0.7328125,-67.88225099390857,199.40411229460642,-127.84490603852781,0.8,2.4,125.86500705120547,-369.10973977937783,243.24473272817235,351.0,-1.0,0.02,0.06,0.02,0.06,0.0,0.0,0.0,0.0,60.0,269.50173932648374,269.4159191658875,269.41151144670863,144.5989021396774,144.6747645583016,144.65470956730027
0.7333333333333333,-23.758787847868,188.09040379562165,-161.22034611053286,0.8,1.6,48.083261120685236,-349.3107499061545,301.2274887854693,283.0,-1.0,0.02,0.06,0.01,0.06,0.0,0.0,0.0,0.0,60.0,269.5095081810658,269.41591916588743,269.41151144670863,144.60457288758195,144.6747645583016,144.65470956730027
0.7338541666666667,3.394112549695428,176.7766952966369,-179.60512242138307,0.8,0.0,-4.242640687119286,-329.5117600329312,332.34018715767735,230.0,-1.0,0.02,0.06,0.0,0.06,0.0,0.0,0.0,0.0,60.0,269.5095081810658,269.46984989048406,269.41151144670863,144.60526442699103,144.6747645583016,144.65470956730027
0.734375,27.152900397563425,158.39191898578665,-188.09040379562165,0.0,-1.6,-53.74011537017761,-295.57063453597686,349.3107499061545,170.0,-1.0,0.02,0.05,0.0,0.05,0.0,0.0,0.0,0.0,60.0,269.50057977674186,269.5182043944342,269.41151144670863,144.60526442699103,144.6747645583016,144.71194663883145
0.7348958333333333,62.22539674441619,131.23901858822322,-195.16147160748713,0.0,-1.6,-121.62236636408618,-243.24473272817235,363.45288552988546,86.0,-1.0,0.01,0.05,0.0,0.05,0.0,0.0,0.0,0.0,60.0,269.4805187764043,269.5579715014935,269.3517681397321,144.58991147379544,144.6425507933264,144.71194663883145
0.7354166666666667,104.08611819065979,97.29789309126895,-200.8183258569795,0.0,0.8,-196.57568516986024,-176.7766952966369,373.3523804664971,-14.0,-1.0,0.01,0.05,0.01,0.05,0.0,0.0,0.0,0.0,60.0,269.44816291821326,269.5579715014935,269.3517681397321,144.58991147379544,144.66619335560054,144.71194663883145
0.7359375,141.4213562373095,56.568542494923804,-196.57568516986024,0.0,0.8,-267.28636328851496,-100.40916292848975,366.2813126546316,-118.0,-1.0,0.01,0.05,0.01,0.04,0.0,0.0,0.0,0.0,60.0,269.4042037533936,269.59043009721245,269.3517681397321,144.5464631182652,144.693287681219,144.65168509215508
0.7364583333333333,168.29141392239833,12.445079348883239,-185.26197667087547,0.0,-3.2,-319.6122650963195,-22.627416997969522,342.23968209428904,-209.0,-1.0,0.01,0.05,0.0,0.04,0.0,0.0,0.0,0.0,60.0,269.4042037533936,269.59402348716856,269.4077996272565,144.49478364287066,144.693287681219,144.65168509215508
0.7369791666666666,190.91883092036784,-24.890158697766477,-166.87720036002523,0.0,0.0,-353.5533905932738,46.66904755831214,306.88434303496166,-282.0,-1.0,0.0,0.05,0.0,0.03,0.0,0.0,0.0,0.0,60.0,269.4042037533936,269.5862570681228,269.4580208492596,144.61065832088588,144.693287681219,144.65168509215508
0.7375,200.8183258569795,-58.83128419472076,-141.4213562373095,0.0,0.8,-373.3523804664971,113.13708498984761,258.80108191427644,-344.0,-1.0,0.0,0.05,0.0,0.04,0.0,0.0,0.0,0.0,60.0,269.4042037533936,269.54869689909464,269.5003478661948,144.6106583208859,144.66398134988543,144.7202473740285
0.7380208333333333,206.4751801064719,-98.42926394116742,-106.34885989045677,0.8,0.8,-383.2518754031088,186.67619023324855,195.16147160748713,-403.0,-1.0,0.0,0.04,0.0,0.03,0.0,0.0,0.0,0.0,60.0,269.4042037533936,269.51797249905246,269.5322336938571,144.73594059527855,144.6397853289336,144.7460880300397
0.7385416666666667,202.2325394193526,-135.76450198781714,-66.7508801440101,0.8,0.0,-377.5950211536164,254.55844122715712,123.03657992645928,-446.0,-1.0,0.0,0.03,0.0,0.03,0.0,0.0,0.0,0.0,60.0,269.4042037533936,269.51797249905246,269.5522908453942,144.73594059527855,144.6397853289336,144.76225336737474
0.7390625,189.50461735799476,-161.22034611053286,-27.152900397563425,0.0,-0.0,-353.5533905932738,301.2274887854693,52.32590180780452,-463.0,-1.0,0.0,0.04,0.0,0.02,0.0,0.0,0.0,0.0,60.0,269.4042037533936,269.46845826552686,269.5607538199877,144.67784903018153,144.59030050456357,144.74843695183725
0.7395833333333334,169.7056274847714,-178.19090885901,10.182337649086286,0.0,1.6,-319.6122650963195,336.58282784479667,-18.38477631085024,-464.0,-1.0,0.0,0.03,0.0,0.02,0.0,0.0,0.0,0.0,60.0,269.4565131890488,269.41313535163795,269.5576237096625,144.62578435396642,144.535609799108,144.75078583551803
0.7401041666666667,148.49242404917499,-195.16147160748713,47.517575695736,0.8,0.0,-274.35743110038044,366.2813126546316,-91.92388155425118,-453.0,-1.0,0.0,0.03,0.0,0.02,0.0,0.0,0.0,0.0,60.0,269.50139146208505,269.413135351638,269.542436362069,144.67093695694376,144.535609799108,144.73904103592784
0.740625,117.66256838944152,-202.2325394193526,85.98418459228418,0.0,0.8,-216.37467504308356,379.0092347159895,-162.63455967290594,-421.0,-1.0,0.0,0.03,0.0,0.02,0.0,0.0,0.0,0.0,60.0,269.5367553785569,269.41313535163795,269.5156535342614,144.67093695694376,144.47354429098777,144.71789799468485
0.7411458333333333,81.45870119269028,-200.8183258569795,122.18805178903543,0.0,1.6,-147.0782104868019,377.5950211536164,-229.1025971044414,-371.0,-1.0,0.0,0.02,0.0,0.02,0.0,0.0,0.0,0.0,60.0,269.56075381998767,269.4749524538413,269.477967559502,144.7294026796214,144.411884898716,144.71789799468485
0.7416666666666667,41.860721446243616,-193.74725804511402,152.73506473629428,0.0,0.8,-77.78174593052023,362.03867196751236,-284.2569260369921,-311.0,-1.0,0.0,0.03,0.0,0.02,0.0,0.0,0.0,0.0,60.0,269.57338982177004,269.53420469394973,269.47796755950196,144.74930051644463,144.35236402636434,144.76431708124764
0.7421875,2.2627416997969525,-179.60512242138307,175.3624817342638,0.8,-1.6,-5.656854249492381,333.75440072005046,-328.0975464705581,-241.0,-1.0,0.0,0.03,0.0,0.02,0.0,0.0,0.0,0.0,60.0,269.5742012878829,269.5888072602422,269.47796755950196,144.74971502562622,144.35236402636434,144.8176266895712
0.7427083333333333,-36.20386719675124,-156.97770542341357,192.33304448274095,0.8,-0.8,67.88225099390857,292.7422074112307,-360.62445840513925,-159.0,-1.0,0.0,0.03,0.0,0.02,0.0,0.0,0.0,0.0,60.0,269.56295646842875,269.58880726024216,269.47796755950196,144.74073372758616,144.35236402636434,144.75870440149708
0.7432291666666667,-75.8018469431979,-130.10764773832474,202.2325394193526,0.0,-2.4,141.4213562373095,239.0020920410531,-379.0092347159895,-70.0,-1.0,0.0,0.04,0.0,0.02,0.0,0.0,0.0,0.0,60.0,269.53965385449317,269.6278685521955,269.47796755950196,144.7591102487163,144.38408845852786,144.75870440149706
0.74375,-112.00571413994913,-93.90378054157352,205.0609665440988,0.0,-0.8,209.30360723121808,172.5340546095176,-381.8376618407357,25.0,-1.0,0.0,0.04,0.0,0.03,0.0,0.0,0.0,0.0,60.0,269.5052179457756,269.6278685521955,269.47796755950196,144.73161368546957,144.38408845852788,144.75870440149706
0.7442708333333333,-145.6639969244288,-53.17442994522838,197.9898987322333,0.8,-0.8,270.1147904132612,100.40916292848975,-370.52395334175094,118.0,-1.0,0.0,0.04,0.01,0.03,0.0,0.0,0.0,0.0,60.0,269.5052179457756,269.6442100249883,269.5386104067467,144.77586988168989,144.37092851401906,144.69803039433538
0.7447916666666666,-169.7056274847714,-14.70782104868019,186.67619023324855,1.6,1.6,318.1980515339464,26.870057685088806,-345.0681092190352,205.0,-1.0,0.0,0.04,0.0,0.04,0.0,0.0,0.0,0.0,60.0,269.5052179457756,269.64849804884875,269.5950667204428,144.7238404686664,144.377577899063,144.7548185726472
0.7453125,-189.50461735799476,24.890158697766477,165.46298679765212,0.0,0.8,353.5533905932738,-46.66904755831214,-306.88434303496166,283.0,-1.0,0.01,0.04,0.0,0.04,0.0,0.0,0.0,0.0,60.0,269.44711911616355,269.64073319882516,269.64525306409536,144.7238404686664,144.3713441095566,144.7548185726472
0.7458333333333333,-202.2325394193526,63.35676759431466,138.0272436876141,0.0,-0.8,376.1808075912433,-118.79393923933999,-257.38686835190333,350.0,-1.0,0.01,0.04,0.0,0.05,0.0,0.0,0.0,0.0,60.0,269.4471191161635,269.6211462404238,269.68731894547807,144.7238404686664,144.35568918473564,144.78838869191136
0.7463541666666667,-206.4751801064719,100.69200564096438,104.08611819065979,0.8,-1.6,383.2518754031088,-189.50461735799476,-193.74725804511402,404.0,-1.0,0.01,0.04,0.0,0.05,0.0,0.0,0.0,0.0,60.0,269.44711911616355,269.58996643050347,269.7189509470923,144.66055958691712,144.3802098627094,144.81366475578196
0.746875,-203.6467529817257,134.63313113791867,65.61950929411161,0.0,-2.4,376.1808075912433,-251.73001410241093,-124.45079348883237,444.0,-1.0,0.01,0.05,0.0,0.05,0.0,0.0,0.0,0.0,60.0,269.4471191161635,269.5069572385841,269.7592676813903,144.78407198307417,144.34709903562316,144.82954636399302
0.7473958333333334,-192.33304448274095,161.22034611053286,28.284271247461902,0.8,-1.6,354.9676041556469,-302.64170234784234,-52.32590180780452,464.0,-1.0,0.02,0.05,0.01,0.05,0.0,0.0,0.0,0.0,60.0,269.5052179457756,269.5069572385841,269.7677241628435,144.84255244920257,144.29751383859667,144.82954636399302
0.7479166666666667,-172.5340546095176,183.84776310850236,-12.445079348883239,0.0,-1.6,321.0264786586926,-340.82546853191593,21.213203435596427,468.0,-1.0,0.02,0.06,0.01,0.05,0.0,0.0,0.0,0.0,60.0,269.5577396403227,269.4509463705778,269.7641330866652,144.84255244920257,144.3535936511454,144.83244629571098
0.7484375,-148.49242404917499,196.57568516986024,-47.517575695736,0.0,0.8,275.77164466275354,-369.10973977937783,93.33809511662427,455.0,-1.0,0.02,0.05,0.01,0.06,0.0,0.0,0.0,0.0,60.0,269.60283288570986,269.4509463705778,269.7487256689084,144.79702172351475,144.3535936511454,144.808692763936
0.7489583333333333,-115.39982668964456,203.6467529817257,-88.24692629208114,0.0,-0.0,212.13203435596427,-379.0092347159895,168.29141392239833,417.0,-1.0,0.02,0.06,0.01,0.06,0.0,0.0,0.0,0.0,60.0,269.63748812062465,269.4509463705778,269.7210364432111,144.79702172351475,144.3535936511454,144.808692763936
0.7494791666666667,-71.27636354360399,197.9898987322333,-127.84490603852781,0.0,-0.8,127.27922061357856,-369.10973977937783,241.83051916579927,352.0,-1.0,0.03,0.06,0.02,0.06,0.0,0.0,0.0,0.0,60.0,269.65823276881423,269.4509463705778,269.6812933816508,144.8479806555825,144.29274929808497,144.808692763936
0.75,-28.284271247461902,188.09040379562165,-159.80613254815975,0.8,0.0,49.49747468305833,-350.7249634685276,299.8132752230962,285.0,-1.0,0.02,0.06,0.01,0.06,0.0,0.0,0.0,0.0,60.0,269.66622888303976,269.5083486647492,269.6320409372744,144.87338437408025,144.29274929808497,144.75969742991316
0.7505208333333333,3.394112549695428,178.19090885901,-178.19090885901,0.8,1.6,-2.8284271247461903,-329.5117600329312,332.34018715767735,231.0,-1.0,0.02,0.06,0.01,0.05,0.0,0.0,0.0,0.0,60.0,269.6656494624408,269.5083486647492,269.6320409372744,144.87338437408025,144.34709903562316,144.70507074736534
0.7510416666666667,27.152900397563425,158.39191898578665,-188.09040379562165,1.6,-1.6,-53.74011537017761,-295.57063453597686,349.3107499061545,171.0,-1.0,0.01,0.06,0.0,0.05,0.0,0.0,0.0,0.0,60.0,269.6656494624408,269.5083486647492,269.6320409372744,144.87338437408025,144.34709903562316,144.7050707473653
0.7515625,61.09402589451771,132.3703894381217,-195.16147160748713,0.0,-1.6,-118.79393923933999,-244.65894629054546,363.45288552988546,89.0,-1.0,0.01,0.05,0.0,0.05,0.0,0.0,0.0,0.0,60.0,269.6262459405612,269.5483490952968,269.6320409372744,144.858335970009,144.3793787214781,144.7050707473653
0.7520833333333333,102.95474734076133,97.29789309126895,-200.8183258569795,0.0,0.0,-195.16147160748713,-178.19090885901,373.3523804664971,-12.0,-1.0,0.01,0.05,0.0,0.05,0.0,0.0,0.0,0.0,60.0,269.59413940217615,269.577447127908,269.6320409372744,144.83306770209626,144.3793787214781,144.7050707473653
0.7526041666666666,144.2497833620557,55.43717164502533,-197.9898987322333,0.0,0.8,-267.28636328851496,-100.40916292848975,366.2813126546316,-117.0,-1.0,0.0,0.05,0.0,0.05,0.0,0.0,0.0,0.0,60.0,269.59413940217615,269.577447127908,269.6320409372744,144.92021080580858,144.36566420032156,144.76531007116313
0.753125,169.7056274847714,12.445079348883239,-183.84776310850236,1.6,-1.6,-318.1980515339464,-24.041630560342618,342.23968209428904,-207.0,-1.0,0.01,0.05,0.0,0.04,0.0,0.0,0.0,0.0,60.0,269.54185667535944,269.5812725320511,269.6320409372744,144.9717386251541,144.36566420032156,144.7089579120795
0.7536458333333333,188.09040379562165,-22.627416997969522,-166.87720036002523,0.0,-0.8,-352.13917703090067,45.254833995939045,306.88434303496166,-280.0,-1.0,0.0,0.04,0.0,0.04,0.0,0.0,0.0,0.0,60.0,269.48399766962046,269.5737375932604,269.6320409372744,144.85615278613471,144.35402661512427,144.7089579120795
0.7541666666666667,199.40411229460642,-58.83128419472076,-141.4213562373095,0.0,-0.8,-373.3523804664971,111.72287142747452,260.2152954766495,-343.0,-1.0,0.0,0.04,0.0,0.04,0.0,0.0,0.0,0.0,60.0,269.48399766962046,269.5553050859879,269.67457240162634,144.79508796917114,144.35402661512427,144.7089579120795
0.7546875,205.0609665440988,-98.42926394116742,-107.48023074035522,0.8,-0.8,-383.2518754031088,185.26197667087547,196.57568516986024,-401.0,-1.0,0.0,0.03,0.0,0.04,0.0,0.0,0.0,0.0,60.0,269.48399766962046,269.52481332894007,269.7066693650715,144.7322700713286,144.35402661512427,144.73507695095893
0.7552083333333334,203.6467529817257,-135.76450198781714,-66.7508801440101,0.8,0.8,-379.0092347159895,253.14422766478404,124.45079348883237,-446.0,-1.0,0.0,0.04,0.0,0.03,0.0,0.0,0.0,0.0,60.0,269.54603039184235,269.483185931887,269.7269452613142,144.79422467764383,144.35402661512427,144.73507695095893
0.7557291666666667,189.50461735799476,-159.80613254815975,-29.41564209736038,0.0,0.8,-354.9676041556469,299.8132752230962,53.74011537017761,-463.0,-1.0,0.0,0.03,0.0,0.03,0.0,0.0,0.0,0.0,60.0,269.6041079063893,269.4338972735242,269.73563446456234,144.79422467764383,144.3048769099645,144.74889464172085
0.75625,171.11984104714452,-179.60512242138307,9.05096679918781,0.0,0.0,-319.6122650963195,336.58282784479667,-16.970562748477143,-464.0,-1.0,0.0,0.03,0.0,0.02,0.0,0.0,0.0,0.0,60.0,269.6041079063893,269.4338972735242,269.7327380945813,144.84622880834695,144.35965502868177,144.74654572735062
0.7567708333333333,148.49242404917499,-195.16147160748713,46.38620484583752,0.0,-0.8,-275.77164466275354,364.86709909225857,-90.50966799187809,-453.0,-1.0,0.0,0.03,0.0,0.02,0.0,0.0,0.0,0.0,60.0,269.649193397644,269.37392691201575,269.71779233116973,144.84622880834695,144.35965502868174,144.73507695095893
0.7572916666666667,118.79393923933999,-202.2325394193526,83.72144289248723,0.0,-0.0,-217.78888860545666,379.0092347159895,-161.22034611053286,-422.0,-1.0,0.0,0.03,0.0,0.02,0.0,0.0,0.0,0.0,60.0,269.68476968490455,269.37392691201575,269.6912586644217,144.87508412422062,144.35965502868177,144.69361596145148
0.7578125,81.45870119269028,-202.2325394193526,119.92531008923847,0.8,-0.8,-149.9066376115481,377.5950211536164,-227.68838354206832,-373.0,-1.0,0.0,0.04,0.0,0.02,0.0,0.0,0.0,0.0,60.0,269.73343322621315,269.37392691201575,269.6538290104555,144.87508412422062,144.42133672002902,144.63444437615823
0.7583333333333333,40.72935059634514,-195.16147160748713,149.9066376115481,0.0,-4.0,-79.19595949289332,362.03867196751236,-282.842712474619,-312.0,-1.0,0.0,0.03,0.0,0.02,0.0,0.0,0.0,0.0,60.0,269.7462928382891,269.37392691201575,269.6073533863644,144.8650061263934,144.48082917813008,144.54194028032143
0.7588541666666667,5.656854249492381,-181.01933598375618,173.9482681718907,0.8,-0.8,-7.0710678118654755,335.16861428242356,-326.683332908185,-242.0,-1.0,0.0,0.03,0.0,0.02,0.0,0.0,0.0,0.0,60.0,269.74733548266977,269.4287939326456,269.5536820375489,144.86790534828617,144.5359730309379,144.48852895645385
0.759375,-36.20386719675124,-156.97770542341357,192.33304448274095,0.0,-0.8,66.46803743153548,294.1564209736038,-360.62445840513925,-161.0,-1.0,0.0,0.03,0.0,0.02,0.0,0.0,0.0,0.0,60.0,269.73632958873003,269.4769238728986,269.55368203754887,144.86790534828617,144.5359730309379,144.48852895645385
0.7598958333333333,-76.93321779309638,-130.10764773832474,202.2325394193526,0.8,-3.2,138.59292911256333,240.41630560342617,-379.0092347159895,-72.0,-1.0,0.0,0.03,0.0,0.03,0.0,0.0,0.0,0.0,60.0,269.6904475505204,269.5162332773297,269.55368203754887,144.88654181807226,144.5359730309379,144.48852895645385
0.7604166666666666,-112.00571413994913,-96.16652224137047,205.0609665440988,0.8,-2.4,207.88939366884497,175.3624817342638,-381.8376618407357,23.0,-1.0,0.0,0.04,0.0,0.03,0.0,0.0,0.0,0.0,60.0,269.65626267528074,269.57327389784024,269.55368203754887,144.88654181807226,144.58245917122866,144.48852895645385
0.7609375,-144.2497833620557,-56.568542494923804,199.40411229460642,0.0,-0.8,268.70057685088807,101.82337649086286,-370.52395334175094,117.0,-1.0,0.0,0.04,0.0,0.04,0.0,0.0,0.0,0.0,60.0,269.61210562584165,269.58985051370166,269.55368203754887,144.8423194373799,144.62270741484548,144.54929090106253
0.7614583333333333,-169.7056274847714,-15.839191898578665,185.26197667087547,0.8,0.0,316.7838379715733,28.284271247461902,-345.0681092190352,203.0,-2.0,0.0,0.05,0.0,0.04,0.0,0.0,0.0,0.0,60.0,269.56005824305646,269.59437123204185,269.5536820375489,144.84231943737993,144.62644122013097,144.49242194661974
0.7619791666666667,-189.50461735799476,23.758787847868,165.46298679765212,1.6,0.0,353.5533905932738,-45.254833995939045,-308.29855659733477,281.0,-1.0,0.01,0.04,0.0,0.04,0.0,0.0,0.0,0.0,60.0,269.56005824305646,269.58683665935916,269.6041079063893,144.8423194373799,144.62049474400231,144.49242194661974
0.7625,-202.2325394193526,62.22539674441619,139.15861453751256,0.8,-0.8,376.1808075912433,-117.3797256769669,-258.80108191427644,348.0,-1.0,0.0,0.05,0.0,0.04,0.0,0.0,0.0,0.0,60.0,269.56005824305646,269.56747763778924,269.64641199170444,144.8423194373799,144.6051434078332,144.52632978111635
0.7630208333333334,-206.4751801064719,100.69200564096438,106.34885989045677,0.8,0.8,383.2518754031088,-188.09040379562165,-195.16147160748713,404.0,-1.0,0.02,0.04,0.0,0.05,0.0,0.0,0.0,0.0,60.0,269.5600582430565,269.53652349913546,269.67828054925,144.8423194373799,144.6051434078332,144.5777991255919
0.7635416666666667,-203.6467529817257,134.63313113791867,69.01362184380704,0.0,0.0,377.5950211536164,-251.73001410241093,-125.86500705120547,444.0,-1.0,0.02,0.05,0.01,0.05,0.0,0.0,0.0,0.0,60.0,269.62184165975873,269.53652349913546,269.6987903198678,144.8423194373799,144.60514340783317,144.62717586954398
0.7640625,-193.74725804511402,161.22034611053286,30.547012947258857,0.0,-1.6,354.9676041556469,-301.2274887854693,-53.74011537017761,464.0,-1.0,0.01,0.05,0.01,0.05,0.0,0.0,0.0,0.0,60.0,269.62184165975873,269.48701267408046,269.70748043018756,144.9012077244355,144.60514340783317,144.64155696064668
0.7645833333333333,-173.9482681718907,181.01933598375618,-7.919595949289333,0.8,-0.8,321.0264786586926,-340.82546853191593,19.79898987322333,468.0,-1.0,0.01,0.05,0.01,0.05,0.0,0.0,0.0,0.0,60.0,269.62184165975873,269.48701267408046,269.7041202873994,144.95403581825516,144.49358982321672,144.63160097295471
0.7651041666666667,-148.49242404917499,197.9898987322333,-47.517575695736,0.8,1.6,277.18585822512665,-369.10973977937783,91.92388155425118,456.0,-1.0,0.02,0.06,0.01,0.06,0.0,0.0,0.0,0.0,60.0,269.6671559534086,269.48701267408046,269.6889411896602,144.95403581825516,144.55391727656502,144.63160097295471
0.765625,-118.79393923933999,203.6467529817257,-87.11555544218267,0.8,-1.6,213.54624791833737,-379.0092347159895,165.46298679765212,419.0,-1.0,0.02,0.06,0.01,0.06,0.0,0.0,0.0,0.0,60.0,269.7020346604749,269.48701267408046,269.6342430033693,145.03969284302832,144.55391727656502,144.61016561777393
0.7661458333333333,-74.67047609329941,197.9898987322333,-125.58216433873085,0.0,-1.6,130.10764773832474,-370.52395334175094,239.0020920410531,354.0,-1.0,0.02,0.06,0.01,0.06,0.0,0.0,0.0,0.0,60.0,269.7442075374372,269.5476534863548,269.5554210176453,145.09304773144717,144.55391727656502,144.54819265559846
0.7666666666666667,-27.152900397563425,189.50461735799476,-159.80613254815975,0.0,1.6,50.91168824543143,-350.7249634685276,298.3990616607231,286.0,-1.0,0.02,0.05,0.01,0.06,0.0,0.0,0.0,0.0,60.0,269.75243279718535,269.5476534863548,269.5063774755618,145.08629328782234,144.6116264343915,144.54819265559843
0.7671875,1.1313708498984762,175.3624817342638,-178.19090885901,0.0,-0.8,-1.4142135623730951,-330.92597359530424,330.92597359530424,232.0,-1.0,0.02,0.05,0.0,0.05,0.0,0.0,0.0,0.0,60.0,269.7520852560736,269.6017896824871,269.45199015780156,145.08519049165565,144.50353801897032,144.54819265559843
0.7677083333333333,26.021529547664947,159.80613254815975,-189.50461735799476,0.0,-2.4,-52.32590180780452,-296.98484809834997,349.3107499061545,172.0,-1.0,0.01,0.05,0.01,0.05,0.0,0.0,0.0,0.0,60.0,269.7433965827523,269.650352308318,269.45199015780156,145.07871139488387,144.5521878077257,144.60590409800008
0.7682291666666666,62.22539674441619,133.5017602880202,-195.16147160748713,0.8,0.8,-117.3797256769669,-246.07315985291856,363.45288552988546,91.0,-1.0,0.02,0.06,0.0,0.05,0.0,0.0,0.0,0.0,60.0,269.72404879802616,269.69056342408425,269.45199015780156,145.0937369427089,144.58469836051117,144.60590409800008
0.76875,101.82337649086286,97.29789309126895,-200.8183258569795,0.0,-0.8,-193.74725804511402,-181.01933598375618,373.3523804664971,-9.0,-1.0,0.02,0.05,0.01,0.05,0.0,0.0,0.0,0.0,60.0,269.6921856487503,269.74942075934104,269.45199015780156,145.06878540885356,144.58469836051117,144.60590409800008
0.7692708333333333,141.4213562373095,56.568542494923804,-196.57568516986024,0.0,0.8,-265.8721497261419,-101.82337649086286,367.6955262170047,-114.0,-1.0,0.01,0.05,0.0,0.05,0.0,0.0,0.0,0.0,60.0,269.64849804884875,269.7659865513071,269.51217504966263,144.9817316078133,144.59839210724303,144.54559834183814
0.7697916666666667,168.29141392239833,14.70782104868019,-183.84776310850236,0.8,0.0,-318.1980515339464,-25.455844122715714,342.23968209428904,-206.0,-1.0,0.0,0.05,0.0,0.04,0.0,0.0,0.0,0.0,60.0,269.64849804884875,269.7700409608154,269.51217504966263,144.93020734132688,144.6050310328102,144.54559834183814
0.7703125,186.67619023324855,-21.496046148071045,-166.87720036002523,0.0,-0.8,-350.7249634685276,42.42640687119285,308.29855659733477,-278.0,-1.0,0.0,0.04,0.0,0.04,0.0,0.0,0.0,0.0,60.0,269.590893763124,269.75567649263655,269.56260868302934,144.8730565012004,144.59963692900476,144.54559834183814
0.7708333333333334,200.8183258569795,-56.568542494923804,-142.83556979968262,0.8,0.8,-371.93816690412405,108.89444430272833,261.6295090390226,-340.0,-1.0,0.0,0.04,0.0,0.04,0.0,0.0,0.0,0.0,60.0,269.5297989091373,269.71953025318726,269.6053829210389,144.93408846782734,144.5714183370973,144.58904695722978
0.7713541666666667,205.0609665440988,-98.42926394116742,-108.6116015902537,0.8,-1.6,-383.2518754031088,183.84776310850236,197.9898987322333,-400.0,-1.0,0.0,0.03,0.0,0.03,0.0,0.0,0.0,0.0,60.0,269.52979890913736,269.68928881214396,269.6377199132199,144.93408846782734,144.5714183370973,144.61546424915974
0.771875,203.6467529817257,-134.63313113791867,-69.01362184380704,0.0,-0.0,-379.0092347159895,253.14422766478404,125.86500705120547,-446.0,-1.0,0.0,0.04,0.0,0.03,0.0,0.0,0.0,0.0,60.0,269.5297989091373,269.68928881214396,269.65823276881423,144.93408846782734,144.53835131203067,144.64865191214193
0.7723958333333333,190.91883092036784,-161.22034611053286,-29.41564209736038,0.8,0.8,-354.9676041556469,299.8132752230962,55.15432893255071,-463.0,-1.0,0.0,0.04,0.0,0.02,0.0,0.0,0.0,0.0,60.0,269.5297989091373,269.689288812144,269.6671559534086,144.9920773697653,144.58742165209253,144.64865191214193
0.7729166666666667,171.11984104714452,-178.19090885901,6.788225099390856,0.8,-0.8,-321.0264786586926,335.16861428242356,-15.556349186104047,-464.0,-1.0,0.0,0.04,0.0,0.02,0.0,0.0,0.0,0.0,60.0,269.58231581466913,269.6342430033693,269.6644906175079,144.99207736976527,144.5327298572887,144.6447804104939
0.7734375,147.0782104868019,-195.16147160748713,45.254833995939045,0.0,-2.4,-277.18585822512665,364.86709909225857,-87.6812408671319,-453.0,-1.0,0.0,0.03,0.0,0.02,0.0,0.0,0.0,0.0,60.0,269.62763675113126,269.6342430033693,269.63528608103206,144.94702480561648,144.5327298572887,144.63358012577854
0.7739583333333333,118.79393923933999,-203.6467529817257,83.72144289248723,0.0,-0.8,-219.20310216782974,379.0092347159895,-159.80613254815975,-423.0,-1.0,0.0,0.03,0.0,0.02,0.0,0.0,0.0,0.0,60.0,269.66344765281036,269.6342430033693,269.60897611170145,144.94702480561648,144.59476996074235,144.63358012577854
0.7744791666666667,82.59007204258876,-200.8183258569795,119.92531008923847,0.8,1.6,-151.32085117392117,377.5950211536164,-226.27416997969522,-374.0,-1.0,0.0,0.03,0.0,0.02,0.0,0.0,0.0,0.0,60.0,269.6881300687889,269.6342430033693,269.57176688221637,144.96703073457772,144.53316228464666,144.63358012577854
0.775,42.99209229614209,-195.16147160748713,148.49242404917499,0.8,-3.2,-80.61017305526643,363.45288552988546,-281.4284989122459,-314.0,-1.0,0.0,0.03,0.0,0.02,0.0,0.0,0.0,0.0,60.0,269.7012235789819,269.6936919914888,269.52550899682944,144.98744773255373,144.53316228464666,144.5879835947649
0.7755208333333333,6.788225099390856,-178.19090885901,172.5340546095176,0.8,1.6,-8.485281374238571,335.16861428242356,-326.683332908185,-244.0,-1.0,0.0,0.03,0.0,0.02,0.0,0.0,0.0,0.0,60.0,269.7024981345186,269.6936919914887,269.5255089968295,144.988965097348,144.42328413382657,144.53502170754325
0.7760416666666666,-35.07249634685276,-156.97770542341357,192.33304448274095,0.0,0.0,65.05382386916237,295.57063453597686,-359.21024484276614,-163.0,-1.0,0.0,0.03,0.0,0.02,0.0,0.0,0.0,0.0,60.0,269.69172215698427,269.74200636904885,269.46648678453505,144.98027452036362,144.42328413382657,144.53502170754325
0.7765625,-73.53910524340095,-130.10764773832474,205.0609665440988,0.0,0.8,137.17871555019022,241.83051916579927,-379.0092347159895,-74.0,-1.0,0.0,0.03,0.0,0.03,0.0,0.0,0.0,0.0,60.0,269.66912596736023,269.7815088177839,269.46648678453505,144.92522209746653,144.42328413382657,144.65950539110798
0.7770833333333333,-109.74297244015217,-95.035151391472,206.4751801064719,0.0,1.6,206.4751801064719,176.7766952966369,-383.2518754031088,20.0,-1.0,0.0,0.04,0.0,0.03,0.0,0.0,0.0,0.0,60.0,269.6351701837132,269.8103500609271,269.52921919524795,144.87111513341782,144.3998788088134,144.7223548730465
0.7776041666666667,-144.2497833620557,-56.568542494923804,199.40411229460642,0.0,-0.8,267.28636328851496,104.65180361560904,-370.52395334175094,114.0,-1.0,0.0,0.04,0.0,0.03,0.0,0.0,0.0,0.0,60.0,269.5912415120343,269.8441679933068,269.52921919524795,144.87111513341782,144.39987880881344,144.7223548730465
0.778125,-166.87720036002523,-15.839191898578665,185.26197667087547,0.0,2.4,315.36962440920024,29.698484809834998,-345.0681092190352,201.0,-1.0,0.0,0.04,0.0,0.03,0.0,0.0,0.0,0.0,60.0,269.53942197756527,269.84891606230326,269.52921919524795,144.7684012483387,144.3998788088134,144.7223548730465
0.7786458333333334,-189.50461735799476,22.627416997969522,165.46298679765212,0.0,-0.8,352.13917703090067,-43.84062043356595,-308.29855659733477,279.0,-1.0,0.0,0.04,0.0,0.04,0.0,0.0,0.0,0.0,60.0,269.48156244908483,269.8416202145251,269.52921919524795,144.7684012483387,144.39420002202306,144.7223548730465
0.7791666666666667,-202.2325394193526,59.96265504461923,140.28998538741104,0.8,-1.6,374.7665940288702,-115.9655121145938,-258.80108191427644,347.0,-1.0,0.01,0.05,0.0,0.04,0.0,0.0,0.0,0.0,60.0,269.4199788434406,269.82251110683853,269.52921919524795,144.7684012483387,144.364278822706,144.75648517424014
0.7796875,-206.4751801064719,97.29789309126895,106.34885989045677,0.0,-2.4,383.2518754031088,-186.67619023324855,-196.57568516986024,403.0,-1.0,0.01,0.05,0.0,0.05,0.0,0.0,0.0,0.0,60.0,269.4199788434406,269.79181788927553,269.56133346605924,144.76840124833873,144.29152781781752,144.75648517424014
0.7802083333333333,-203.6467529817257,133.5017602880202,67.88225099390857,0.8,-1.6,377.5950211536164,-250.31580054003783,-127.27922061357856,443.0,-1.0,0.01,0.05,0.01,0.05,0.0,0.0,0.0,0.0,60.0,269.4199788434407,269.7506950871489,269.5820839744363,144.76840124833873,144.25867391599024,144.73976647763394
0.7807291666666667,-190.91883092036784,161.22034611053286,28.284271247461902,0.8,-1.6,356.38181771802,-299.8132752230962,-55.15432893255071,463.0,-1.0,0.01,0.06,0.01,0.05,0.0,0.0,0.0,0.0,60.0,269.47831545413817,269.70145531680026,269.5910096794773,144.65092464274124,144.25867391599024,144.72539514542706
0.78125,-172.5340546095176,181.01933598375618,-7.919595949289333,0.8,0.8,322.4406922210657,-339.4112549695428,16.970562748477143,468.0,-1.0,0.01,0.05,0.0,0.05,0.0,0.0,0.0,0.0,60.0,269.53107427530506,269.6457166357367,269.5849819630166,144.59798580893167,144.25867391599024,144.72539514542706
0.7817708333333333,-149.9066376115481,197.9898987322333,-46.38620484583752,0.0,0.8,277.18585822512665,-367.6955262170047,90.50966799187809,456.0,-1.0,0.02,0.05,0.01,0.06,0.0,0.0,0.0,0.0,60.0,269.53107427530506,269.5853297195528,269.5700280075662,144.64357918691033,144.25867391599024,144.71392469282284
0.7822916666666667,-117.66256838944152,206.4751801064719,-88.24692629208114,0.0,-0.0,214.96046148071045,-379.0092347159895,164.04877323527904,420.0,-1.0,0.03,0.06,0.01,0.06,0.0,0.0,0.0,0.0,60.0,269.5662024438524,269.5853297195528,269.5430160475318,144.61467767830484,144.3842616076974,144.73534468124916
0.7828125,-74.67047609329941,200.8183258569795,-126.71353518862932,0.0,-0.8,131.52186130069785,-370.52395334175094,237.58787847867998,356.0,-1.0,0.03,0.05,0.01,0.06,0.0,0.0,0.0,0.0,60.0,269.58764808499666,269.5853297195528,269.5039424572487,144.61467767830484,144.50628014034547,144.76615626588972
0.7833333333333333,-28.284271247461902,188.09040379562165,-161.22034611053286,0.0,-0.8,52.32590180780452,-350.7249634685276,296.98484809834997,288.0,-1.0,0.02,0.06,0.01,0.06,0.0,0.0,0.0,0.0,60.0,269.5961099496801,269.5853297195528,269.455121495213,144.62145414840776,144.44852889524353,144.8151494146935
0.7838541666666666,0.0,176.7766952966369,-179.60512242138307,0.8,-2.4,0.0,-330.92597359530424,330.92597359530424,234.0,-1.0,0.02,0.05,0.01,0.06,0.0,0.0,0.0,0.0,60.0,269.59599403551977,269.5853297195528,269.455121495213,144.62131585627344,144.50238752352848,144.86973458938897
0.784375,26.021529547664947,161.22034611053286,-186.67619023324855,0.8,0.8,-50.91168824543143,-298.3990616607231,347.8965363437814,174.0,-1.0,0.02,0.06,0.01,0.05,0.0,0.0,0.0,0.0,60.0,269.587532167198,269.63412710560215,269.39793985849263,144.62131585627344,144.55147007208194,144.75493083138826
0.7848958333333333,61.09402589451771,134.63313113791867,-195.16147160748713,0.8,0.8,-115.9655121145938,-247.48737341529164,363.45288552988546,92.0,-1.0,0.02,0.06,0.0,0.05,0.0,0.0,0.0,0.0,60.0,269.5684050477726,269.67457240162634,269.39793985849263,144.60624122077166,144.58425744181142,144.75493083138826
0.7854166666666667,100.69200564096438,98.42926394116742,-200.8183258569795,0.0,-0.8,-192.33304448274095,-181.01933598375618,373.3523804664971,-8.0,-1.0,0.02,0.05,0.01,0.05,0.0,0.0,0.0,0.0,60.0,269.53675537855685,269.67457240162634,269.39793985849263,144.58148221677632,144.60818614449184,144.75493083138826
0.7859375,140.28998538741104,57.69991334482228,-196.57568516986024,0.0,0.8,-264.4579361637688,-104.65180361560904,366.2813126546316,-112.0,-1.0,0.01,0.05,0.0,0.04,0.0,0.0,0.0,0.0,60.0,269.49327449864126,269.7084073587622,269.3377294401956,144.54703386787293,144.62215425030843,144.75493083138826
0.7864583333333334,169.7056274847714,14.70782104868019,-183.84776310850236,0.0,0.0,-316.7838379715733,-26.870057685088806,342.23968209428904,-204.0,-1.0,0.0,0.05,0.0,0.04,0.0,0.0,0.0,0.0,60.0,269.4412041615016,269.71269436198213,269.3377294401956,144.5986946690737,144.62215425030843,144.75493083138826
0.7869791666666667,188.09040379562165,-22.627416997969522,-166.87720036002523,0.0,-0.8,-350.7249634685276,41.01219330881976,308.29855659733477,-277.0,-1.0,0.0,0.04,0.0,0.04,0.0,0.0,0.0,0.0,60.0,269.4412041615017,269.7058582975164,269.3377294401956,144.655953904428,144.62754751429617,144.75493083138826
0.7875,196.57568516986024,-55.43717164502533,-142.83556979968262,0.0,-0.8,-370.52395334175094,107.48023074035522,263.0437226013957,-338.0,-1.0,0.0,0.04,0.0,0.04,0.0,0.0,0.0,0.0,60.0,269.38030737230963,269.6881300687889,269.38077139989036,144.47372598503856,144.6138565283424,144.75493083138826
0.7880208333333333,205.0609665440988,-95.035151391472,-107.48023074035522,0.8,1.6,-383.2518754031088,182.43354954612929,199.40411229460642,-399.0,-1.0,0.0,0.04,0.0,0.03,0.0,0.0,0.0,0.0,60.0,269.38030737230963,269.6581168813578,269.41336733725745,144.47372598503856,144.54289155818074,144.72853899628782
0.7885416666666667,203.6467529817257,-133.5017602880202,-67.88225099390857,0.8,1.6,-379.0092347159895,251.73001410241093,127.27922061357856,-445.0,-1.0,0.0,0.04,0.0,0.03,0.0,0.0,0.0,0.0,60.0,269.38030737230963,269.616741876316,269.43412924126744,144.47372598503856,144.51009480309673,144.7118170710326
0.7890625,190.91883092036784,-159.80613254815975,-31.67838379715733,0.0,0.0,-356.38181771802,298.3990616607231,56.568542494923804,-462.0,-1.0,0.0,0.04,0.0,0.02,0.0,0.0,0.0,0.0,60.0,269.43865257234347,269.5677094905842,269.4432918073857,144.47372598503856,144.46099819674512,144.72674251844404
0.7895833333333333,171.11984104714452,-178.19090885901,5.656854249492381,0.0,-1.6,-321.0264786586926,335.16861428242356,-14.142135623730951,-464.0,-1.0,0.0,0.04,0.0,0.02,0.0,0.0,0.0,0.0,60.0,269.43865257234347,269.5677094905842,269.44085621894834,144.47372598503856,144.46099819674512,144.72522240438948
0.7901041666666667,148.49242404917499,-195.16147160748713,45.254833995939045,0.0,-1.6,-278.60007178749976,364.86709909225857,-87.6812408671319,-454.0,-1.0,0.0,0.03,0.0,0.02,0.0,0.0,0.0,0.0,60.0,269.48422959423806,269.5677094905842,269.44085621894834,144.51892609620376,144.46099819674512,144.72522240438948
0.790625,119.92531008923847,-203.6467529817257,82.59007204258876,0.8,-0.8,-220.61731573020285,379.0092347159895,-158.39191898578665,-424.0,-1.0,0.0,0.03,0.0,0.02,0.0,0.0,0.0,0.0,60.0,269.5202914438911,269.5677094905842,269.4147592467792,144.54812347450243,144.46099819674515,144.70490662033544
0.7911458333333333,81.45870119269028,-202.2325394193526,119.92531008923847,0.8,-0.8,-152.73506473629428,377.5950211536164,-224.85995641732214,-375.0,-1.0,0.0,0.03,0.0,0.02,0.0,0.0,0.0,0.0,60.0,269.545218840921,269.5677094905842,269.3777552063273,144.52805955938106,144.52263663523445,144.70490662033544
0.7916666666666666,44.12346314604057,-195.16147160748713,149.9066376115481,0.0,-1.6,-82.02438661763952,363.45288552988546,-281.4284989122459,-316.0,-1.0,0.0,0.03,0.0,0.02,0.0,0.0,0.0,0.0,60.0,269.5585511535481,269.5677094905842,269.3777552063273,144.53871453697104,144.52263663523445,144.7504663204924
0.7921875,6.788225099390856,-181.01933598375618,172.5340546095176,0.0,-0.8,-11.313708498984761,336.58282784479667,-325.2691193458119,-246.0,-1.0,0.0,0.03,0.0,0.02,0.0,0.0,0.0,0.0,60.0,269.5617971820191,269.62276888274846,269.32427016516726,144.538714536971,144.6324393073698,144.7504663204924
0.7927083333333333,-33.941125496954285,-161.22034611053286,189.50461735799476,0.0,-4.0,63.63961030678928,296.98484809834997,-359.21024484276614,-165.0,-1.0,0.0,0.04,0.0,0.02,0.0,0.0,0.0,0.0,60.0,269.55124744656626,269.67132773062843,269.32427016516726,144.53027364535086,144.77820968640276,144.6338394014347
0.7932291666666667,-72.40773439350248,-132.3703894381217,202.2325394193526,0.0,-1.6,135.76450198781714,243.24473272817235,-379.0092347159895,-76.0,-1.0,0.0,0.04,0.0,0.02,0.0,0.0,0.0,0.0,60.0,269.5288713663158,269.71107226066937,269.32427016516726,144.51242161143102,144.84229354715427,144.5093336085943
0.79375,-108.6116015902537,-98.42926394116742,205.0609665440988,0.0,-1.6,205.0609665440988,178.19090885901,-383.2518754031088,19.0,-1.0,0.0,0.03,0.0,0.03,0.0,0.0,0.0,0.0,60.0,269.49512982612504,269.740152739632,269.32427016516726,144.48570863583706,144.9131118981302,144.4463914398695
0.7942708333333334,-144.2497833620557,-56.568542494923804,199.40411229460642,0.0,-0.8,265.8721497261419,106.06601717798213,-371.93816690412405,112.0,-1.0,0.0,0.03,0.0,0.03,0.0,0.0,0.0,0.0,60.0,269.45141027650976,269.757414170584,269.3851796220423,144.48570863583706,144.9131118981302,144.4463914398695
0.7947916666666667,-166.87720036002523,-16.970562748477143,185.26197667087547,0.0,0.8,313.95541084682714,32.526911934581186,-346.4823227814083,199.0,-1.0,0.0,0.05,0.0,0.04,0.0,0.0,0.0,0.0,60.0,269.39979584253587,269.7676083224226,269.44190004526024,144.48570863583706,144.91711424121033,144.4463914398695
0.7953125,-188.09040379562165,21.496046148071045,165.46298679765212,0.8,-0.8,352.13917703090067,-42.42640687119285,-309.7127701597078,278.0,-1.0,0.01,0.05,0.0,0.04,0.0,0.0,0.0,0.0,60.0,269.39979584253587,269.76054196268217,269.49257874754176,144.42794916497292,144.9117317541958,144.4463914398695
0.7958333333333333,-200.8183258569795,59.96265504461923,141.4213562373095,1.6,0.0,374.7665940288702,-114.5512985522207,-260.2152954766495,345.0,-1.0,0.01,0.05,0.0,0.04,0.0,0.0,0.0,0.0,60.0,269.39979584253587,269.74165881450347,269.53513221841786,144.36627029884784,144.9117317541958,144.4808637847933
0.7963541666666667,-206.4751801064719,97.29789309126895,107.48023074035522,0.8,-1.6,383.2518754031088,-183.84776310850236,-197.9898987322333,401.0,-1.0,0.01,0.05,0.0,0.05,0.0,0.0,0.0,0.0,60.0,269.39979584253587,269.6809457488608,269.56747763778924,144.36627029884787,144.9117317541958,144.50702405073602
0.796875,-203.6467529817257,132.3703894381217,69.01362184380704,0.0,-1.6,377.5950211536164,-248.90158697766475,-128.69343417595167,442.0,-1.0,0.01,0.05,0.0,0.05,0.0,0.0,0.0,0.0,60.0,269.39979584253587,269.64003782821277,269.5884595081919,144.36627029884787,144.87929458690778,144.5237696712897
0.7973958333333333,-192.33304448274095,159.80613254815975,29.41564209736038,0.8,-2.4,356.38181771802,-298.3990616607231,-57.9827560572969,463.0,-1.0,0.01,0.06,0.0,0.05,0.0,0.0,0.0,0.0,60.0,269.39979584253587,269.5910096794773,269.60700565823583,144.42491994112373,144.83032313711107,144.53082716154364
0.7979166666666667,-175.3624817342638,179.60512242138307,-7.919595949289333,0.0,-2.4,323.85490578343877,-339.4112549695428,15.556349186104047,468.0,-1.0,0.02,0.06,0.01,0.05,0.0,0.0,0.0,0.0,60.0,269.4528019895136,269.5910096794773,269.60433972768317,144.531337432406,144.7752914001557,144.53082716154364
0.7984375,-149.9066376115481,195.16147160748713,-45.254833995939045,0.8,-0.0,278.60007178749976,-367.6955262170047,89.095454429505,456.0,-1.0,0.02,0.05,0.01,0.06,0.0,0.0,0.0,0.0,60.0,269.49837661848727,269.5910096794773,269.58961867994844,144.531337432406,144.65522804240433,144.51961804544047
0.7989583333333333,-118.79393923933999,203.6467529817257,-84.8528137423857,0.8,0.0,216.37467504308356,-379.0092347159895,162.63455967290594,421.0,-1.0,0.02,0.06,0.01,0.06,0.0,0.0,0.0,0.0,60.0,269.5337409305188,269.5910096794773,269.56284054001213,144.56025560298377,144.52987580427794,144.45608329177418
0.7994791666666666,-75.8018469431979,199.40411229460642,-124.45079348883237,0.0,-0.8,134.35028842544403,-370.52395334175094,236.17366491630688,358.0,-1.0,0.02,0.06,0.01,0.05,0.0,0.0,0.0,0.0,60.0,269.5773312057229,269.5910096794773,269.5240017141331,144.57865506360199,144.4686730748227,144.39459823691467
0.8,-27.152900397563425,188.09040379562165,-158.39191898578665,0.8,1.6,55.15432893255071,-352.13917703090067,295.57063453597686,289.0,-1.0,0.02,0.06,0.01,0.06,0.0,0.0,0.0,0.0,60.0,269.5949508058339,269.64861394043913,269.4754163184464,144.57187658739164,144.4686730748227,144.29674285998283
0.8005208333333333,1.1313708498984762,176.7766952966369,-178.19090885901,0.0,0.0,0.0,-330.92597359530424,330.92597359530424,234.0,-1.0,0.02,0.06,0.01,0.05,0.0,0.0,0.0,0.0,60.0,269.5949508058339,269.64861394043913,269.4754163184464,144.57201492681773,144.4686730748227,144.24194084939373
0.8010416666666667,24.890158697766477,161.22034611053286,-186.67619023324855,0.0,-0.8,-49.49747468305833,-298.3990616607231,347.8965363437814,176.0,-1.0,0.01,0.05,0.02,0.05,0.0,0.0,0.0,0.0,60.0,269.5867207412116,269.64861394043913,269.4754163184464,144.56578952158773,144.4686730748227,144.24194084939373
0.8015625,59.96265504461923,134.63313113791867,-195.16147160748713,0.0,-0.8,-114.5512985522207,-248.90158697766475,362.03867196751236,95.0,-1.0,0.02,0.05,0.0,0.05,0.0,0.0,0.0,0.0,60.0,269.5678254169069,269.68928881214396,269.41591916588743,144.55098581469449,144.4686730748227,144.24194084939373
0.8020833333333334,100.69200564096438,100.69200564096438,-200.8183258569795,0.0,0.0,-190.91883092036784,-182.43354954612929,373.3523804664971,-6.0,-1.0,0.01,0.05,0.0,0.05,0.0,0.0,0.0,0.0,60.0,269.5364075593499,269.71906680841084,269.4159191658875,144.55098581469449,144.5173951467435,144.24194084939373
0.8026041666666667,140.28998538741104,57.69991334482228,-199.40411229460642,0.0,-0.8,-263.0437226013957,-104.65180361560904,367.6955262170047,-111.0,-1.0,0.01,0.05,0.0,0.05,0.0,0.0,0.0,0.0,60.0,269.49315854024945,269.71906680841084,269.47611211385697,144.55098581469449,144.5173951467435,144.36321380462545
0.803125,166.87720036002523,15.839191898578665,-185.26197667087547,0.0,-1.6,-315.36962440920024,-28.284271247461902,343.65389565666214,-202.0,-1.0,0.0,0.05,0.0,0.04,0.0,0.0,0.0,0.0,60.0,269.4413201422529,269.7235853610136,269.532349635438,144.4480442927491,144.52113167284568,144.41970087214557
0.8036458333333333,186.67619023324855,-21.496046148071045,-166.87720036002523,0.0,-0.8,-350.7249634685276,39.59797974644666,309.7127701597078,-275.0,-1.0,0.0,0.04,0.0,0.04,0.0,0.0,0.0,0.0,60.0,269.4413201422529,269.71698129706255,269.58301133417143,144.39070260927468,144.5157344374653,144.41970087214557
0.8041666666666667,199.40411229460642,-55.43717164502533,-144.2497833620557,0.0,0.0,-370.52395334175094,106.06601717798213,264.4579361637688,-337.0,-1.0,0.0,0.04,0.0,0.04,0.0,0.0,0.0,0.0,60.0,269.4413201422529,269.69948553899764,269.6262459405612,144.51185072512223,144.5157344374653,144.463619987871
0.8046875,205.0609665440988,-95.035151391472,-108.6116015902537,0.0,0.8,-381.8376618407357,181.01933598375618,200.8183258569795,-398.0,-1.0,0.0,0.04,0.0,0.03,0.0,0.0,0.0,0.0,60.0,269.3785672617627,269.66970538048946,269.6590439796151,144.51185072512223,144.51573443746534,144.49006021176683
0.8052083333333333,203.6467529817257,-134.63313113791867,-70.14499269370552,0.8,-0.8,-380.42344827836257,250.31580054003783,128.69343417595167,-445.0,-1.0,0.0,0.04,0.0,0.02,0.0,0.0,0.0,0.0,60.0,269.44085621894834,269.6285639541924,269.68001872589673,144.5118507251222,144.5485299129673,144.52383021495106
0.8057291666666667,192.33304448274095,-158.39191898578665,-30.547012947258857,0.0,2.4,-356.38181771802,298.3990616607231,57.9827560572969,-463.0,-1.0,0.0,0.04,0.0,0.02,0.0,0.0,0.0,0.0,60.0,269.44085621894834,269.6285639541924,269.68940468620565,144.57044130803504,144.49987889268283,144.51621881297615
0.80625,172.5340546095176,-176.7766952966369,5.656854249492381,0.0,0.8,-322.4406922210657,333.75440072005046,-12.727922061357857,-463.0,-1.0,0.0,0.04,0.0,0.02,0.0,0.0,0.0,0.0,60.0,269.4936223735174,269.5737375932604,269.6872030705202,144.62295806682977,144.44558664078318,144.51621881297615
0.8067708333333333,149.9066376115481,-195.16147160748713,44.12346314604057,0.8,-0.8,-278.60007178749976,363.45288552988546,-84.8528137423857,-454.0,-1.0,0.0,0.03,0.0,0.02,0.0,0.0,0.0,0.0,60.0,269.4936223735174,269.5140302470356,269.65892809250727,144.66854357461403,144.44558664078318,144.50528537046665
0.8072916666666666,121.05668093913694,-202.2325394193526,82.59007204258876,0.0,0.8,-222.03152929257593,379.0092347159895,-156.97770542341357,-425.0,-1.0,0.0,0.03,0.0,0.02,0.0,0.0,0.0,0.0,60.0,269.52991485176557,269.5140302470356,269.63308402345587,144.69798720092828,144.38348243479933,144.50528537046665
0.8078125,82.59007204258876,-200.8183258569795,117.66256838944152,0.0,-0.8,-154.14927829866738,377.5950211536164,-223.44574285494903,-376.0,-1.0,0.0,0.03,0.0,0.02,0.0,0.0,0.0,0.0,60.0,269.5550732225235,269.5140302470356,269.5963417778513,144.71802755703936,144.321784564909,144.4471443123747
0.8083333333333333,45.254833995939045,-195.16147160748713,148.49242404917499,0.0,-1.6,-83.43860018001261,363.45288552988546,-280.01428534987286,-317.0,-1.0,0.0,0.03,0.0,0.02,0.0,0.0,0.0,0.0,60.0,269.56863689976996,269.5140302470356,269.55031997755077,144.72894492809655,144.321784564909,144.40148891199146
0.8088541666666667,9.05096679918781,-181.01933598375618,172.5340546095176,0.8,0.8,-12.727922061357857,336.58282784479667,-323.85490578343877,-247.0,-1.0,0.0,0.03,0.0,0.02,0.0,0.0,0.0,0.0,60.0,269.5706076336959,269.5140302470356,269.4971010975814,144.73281417840255,144.321784564909,144.4014889119915
0.809375,-31.67838379715733,-158.39191898578665,190.91883092036784,0.8,0.8,62.22539674441619,296.98484809834997,-359.21024484276614,-167.0,-1.0,0.0,0.03,0.0,0.02,0.0,0.0,0.0,0.0,60.0,269.560290102233,269.5140302470356,269.4971010975814,144.7167837536476,144.22387978417444,144.4596916098051
0.8098958333333334,-71.27636354360399,-130.10764773832474,202.2325394193526,0.0,0.8,134.35028842544403,244.65894629054546,-379.0092347159895,-78.0,-1.0,0.0,0.03,0.0,0.03,0.0,0.0,0.0,0.0,60.0,269.5381466508962,269.55402983446567,269.4971010975814,144.69923116589115,144.15952101751728,144.45969160980513
0.8104166666666667,-106.34885989045677,-97.29789309126895,206.4751801064719,0.0,2.4,203.6467529817257,179.60512242138307,-383.2518754031088,16.0,-1.0,0.0,0.04,0.0,0.02,0.0,0.0,0.0,0.0,60.0,269.5046381790117,269.58335909324967,269.4971010975814,144.6466988907801,144.13551782957595,144.52262798607006
0.8109375,-141.4213562373095,-57.69991334482228,200.8183258569795,0.0,0.8,264.4579361637688,107.48023074035522,-371.93816690412405,110.0,-1.0,0.0,0.04,0.0,0.03,0.0,0.0,0.0,0.0,60.0,269.4611521165899,269.60086238734476,269.4971010975814,144.55939090906548,144.1495317370126,144.58380787626254
0.8114583333333333,-166.87720036002523,-18.10193359837562,186.67619023324855,0.0,0.8,313.95541084682714,33.941125496954285,-347.8965363437814,197.0,-1.0,0.0,0.04,0.0,0.03,0.0,0.0,0.0,0.0,60.0,269.4611521165899,269.6063102006331,269.55402983446567,144.55939090906548,144.1538327620879,144.64064090012877
0.8119791666666667,-188.09040379562165,20.36467529817257,166.87720036002523,-0.8,-0.8,350.7249634685276,-39.59797974644666,-311.1269837220809,276.0,-1.0,0.0,0.04,0.0,0.04,0.0,0.0,0.0,0.0,60.0,269.4035077722634,269.5928643343514,269.6049192800458,144.55939090906546,144.14869926572354,144.69140437496625
0.8125,-200.8183258569795,58.83128419472076,142.83556979968262,1.6,0.0,374.7665940288702,-111.72287142747452,-261.6295090390226,344.0,-1.0,0.01,0.05,0.0,0.04,0.0,0.0,0.0,0.0,60.0,269.4035077722635,269.5557688123183,269.6476868063214,144.55939090906546,144.1341302398568,144.73480922017345
0.8130208333333333,-205.0609665440988,97.29789309126895,106.34885989045677,1.6,-0.8,383.2518754031088,-182.43354954612929,-200.8183258569795,400.0,-1.0,0.01,0.05,0.01,0.05,0.0,0.0,0.0,0.0,60.0,269.4035077722634,269.5257408857269,269.7130419538514,144.49647054513133,144.1341302398568,144.70869013297025
0.8135416666666667,-203.6467529817257,132.3703894381217,70.14499269370552,0.8,-0.8,377.5950211536164,-247.48737341529164,-130.10764773832474,441.0,-1.0,0.02,0.05,0.0,0.05,0.0,0.0,0.0,0.0,60.0,269.4035077722634,269.4850413288278,269.73424421085286,144.49647054513133,144.1341302398568,144.72568880471772
0.8140625,-190.91883092036784,158.39191898578665,31.67838379715733,0.0,-0.8,357.7960312803931,-296.98484809834997,-59.396969619669996,463.0,-1.0,0.02,0.05,0.0,0.05,0.0,0.0,0.0,0.0,60.0,269.46207989251474,269.4362169419694,269.74385998572797,144.43784995630475,144.08533929584928,144.7406128216956
0.8145833333333333,-175.3624817342638,179.60512242138307,-4.525483399593905,0.0,0.0,323.85490578343877,-337.9970414071697,14.142135623730951,468.0,-1.0,0.01,0.05,0.01,0.05,0.0,0.0,0.0,0.0,60.0,269.4620798925148,269.3806553930701,269.7414271112244,144.43784995630475,144.08533929584925,144.73605286866157
0.8151041666666666,-151.32085117392117,196.57568516986024,-44.12346314604057,0.8,0.8,280.01428534987286,-367.6955262170047,87.6812408671319,457.0,-1.0,0.02,0.06,0.01,0.05,0.0,0.0,0.0,0.0,60.0,269.5078848568257,269.3806553930701,269.7269452613142,144.4839264416634,144.14540401969117,144.72513603379338
0.815625,-121.05668093913694,206.4751801064719,-83.72144289248723,0.0,0.8,217.78888860545666,-379.0092347159895,161.22034611053286,422.0,-1.0,0.02,0.06,0.01,0.05,0.0,0.0,0.0,0.0,60.0,269.5434797950045,269.3806553930701,269.70041249504976,144.54260617548033,144.2710903126472,144.70454381255618
0.8161458333333333,-76.93321779309638,200.8183258569795,-124.45079348883237,0.8,-0.8,135.76450198781714,-371.93816690412405,234.7594513539338,359.0,-1.0,0.02,0.06,0.01,0.06,0.0,0.0,0.0,0.0,60.0,269.5656228082505,269.4415521036056,269.661825255263,144.56128458200695,144.33237682516005,144.70454381255618
0.8166666666666667,-31.67838379715733,189.50461735799476,-158.39191898578665,0.8,-0.8,56.568542494923804,-352.13917703090067,295.57063453597686,290.0,-1.0,0.02,0.05,0.01,0.06,0.0,0.0,0.0,0.0,60.0,269.5747809050394,269.4415521036056,269.661825255263,144.59005844109754,144.39017452721637,144.70454381255618
0.8171875,1.1313708498984762,178.19090885901,-176.7766952966369,0.8,2.4,1.4142135623730951,-332.34018715767735,329.5117600329312,236.0,-1.0,0.02,0.06,0.01,0.05,0.0,0.0,0.0,0.0,60.0,269.5748968283212,269.49594152788274,269.6077011140446,144.59005844109754,144.44448760683116,144.65032837847275
0.8177083333333334,26.021529547664947,161.22034611053286,-186.67619023324855,0.8,0.8,-48.083261120685236,-299.8132752230962,347.8965363437814,177.0,-1.0,0.02,0.05,0.0,0.05,0.0,0.0,0.0,0.0,60.0,269.5668980049294,269.5449869687804,269.6077011140446,144.59628280146072,144.44448760683116,144.65032837847275
0.8182291666666667,58.83128419472076,136.89587283771561,-195.16147160748713,1.6,0.0,-113.13708498984761,-250.31580054003783,362.03867196751236,97.0,-1.0,0.02,0.05,0.0,0.05,0.0,0.0,0.0,0.0,60.0,269.5482331605978,269.5859093127829,269.6077011140446,144.58175887711423,144.51093384239132,144.65032837847275
0.81875,97.29789309126895,101.82337649086286,-200.8183258569795,0.0,-1.6,-188.09040379562165,-185.26197667087547,373.3523804664971,-2.0,-1.0,0.02,0.05,0.0,0.05,0.0,0.0,0.0,0.0,60.0,269.4860849839932,269.6461802065811,269.6077011140446,144.50911735942478,144.53570493134214,144.65032837847275
0.8192708333333333,136.89587283771561,57.69991334482228,-197.9898987322333,0.0,-2.4,-261.6295090390226,-107.48023074035522,367.6955262170047,-108.0,-1.0,0.01,0.05,0.0,0.05,0.0,0.0,0.0,0.0,60.0,269.44305984753066,269.6809457488608,269.6077011140446,144.4073578457829,144.53570493134214,144.58960889358545
0.8197916666666667,166.87720036002523,16.970562748477143,-185.26197667087547,0.0,-1.6,-315.36962440920024,-29.698484809834998,343.65389565666214,-201.0,-1.0,0.01,0.05,0.0,0.04,0.0,0.0,0.0,0.0,60.0,269.44305984753066,269.6856966915376,269.6077011140446,144.4073578457829,144.53971772492156,144.58960889358545
0.8203125,185.26197667087547,-20.36467529817257,-166.87720036002523,0.8,-0.8,-349.3107499061545,38.18376618407357,311.1269837220809,-273.0,-1.0,0.0,0.05,0.0,0.04,0.0,0.0,0.0,0.0,60.0,269.38564364123044,269.67932345658244,269.65858043088485,144.35043297475764,144.53459793419705,144.58960889358545
0.8208333333333333,196.57568516986024,-56.568542494923804,-144.2497833620557,0.0,-3.2,-370.52395334175094,103.23759005323595,265.8721497261419,-335.0,-1.0,0.0,0.04,0.0,0.04,0.0,0.0,0.0,0.0,60.0,269.38564364123044,269.6450212779758,269.7020346604749,144.22914927295383,144.54829642718036,144.58960889358545
0.8213541666666667,202.2325394193526,-93.90378054157352,-110.87434329005066,0.8,-1.6,-383.2518754031088,179.60512242138307,202.2325394193526,-397.0,-1.0,0.0,0.04,0.0,0.04,0.0,0.0,0.0,0.0,60.0,269.4483948736752,269.615466915383,269.7350551930542,144.10429382915694,144.52518811612043,144.6432680770177
0.821875,203.6467529817257,-133.5017602880202,-70.14499269370552,0.8,-0.0,-380.42344827836257,250.31580054003783,130.10764773832474,-444.0,-1.0,0.0,0.04,0.0,0.03,0.0,0.0,0.0,0.0,60.0,269.4483948736752,269.615466915383,269.7562557198628,144.10429382915694,144.49238734272473,144.64326807701767
0.8223958333333333,192.33304448274095,-158.39191898578665,-33.941125496954285,0.0,0.0,-357.7960312803931,296.98484809834997,59.396969619669996,-463.0,-1.0,0.0,0.03,0.0,0.02,0.0,0.0,0.0,0.0,60.0,269.5069572385841,269.5666661514365,269.76587071014006,144.10429382915694,144.49238734272473,144.6669105220679
0.8229166666666666,173.9482681718907,-178.19090885901,2.2627416997969525,0.0,-0.8,-322.4406922210657,332.34018715767735,-11.313708498984761,-464.0,-1.0,0.0,0.04,0.0,0.03,0.0,0.0,0.0,0.0,60.0,269.5069572385841,269.51205909940285,269.76390140268956,144.15741396126666,144.5466620161116,144.66400727202327
0.8234375,149.9066376115481,-195.16147160748713,41.860721446243616,0.0,-3.2,-280.01428534987286,363.45288552988546,-84.8528137423857,-455.0,-1.0,0.0,0.04,0.0,0.02,0.0,0.0,0.0,0.0,60.0,269.5527545769102,269.51205909940285,269.76390140268956,144.15741396126666,144.5466620161116,144.6429915343291
0.8239583333333333,121.05668093913694,-203.6467529817257,82.59007204258876,0.0,0.0,-223.44574285494903,380.42344827836257,-155.56349186104046,-427.0,-1.0,0.0,0.04,0.0,0.01,0.0,0.0,0.0,0.0,60.0,269.5892709289448,269.5743172114139,269.73829909747707,144.15741396126666,144.6086961423828,144.6429915343291
0.8244791666666667,83.72144289248723,-203.6467529817257,118.79393923933999,0.0,-0.8,-155.56349186104046,379.0092347159895,-223.44574285494903,-379.0,-1.0,0.0,0.03,0.0,0.02,0.0,0.0,0.0,0.0,60.0,269.6146555734684,269.63632915465973,269.73829909747707,144.17780689135205,144.73225279805465,144.6718873865963
0.825,46.38620484583752,-195.16147160748713,148.49242404917499,0.0,-0.8,-86.2670273047588,366.2813126546316,-280.01428534987286,-319.0,-1.0,0.0,0.03,0.0,0.02,0.0,0.0,0.0,0.0,60.0,269.64247161751064,269.7559081836763,269.73829909747707,144.18904257952477,144.73225279805465,144.6718873865963
0.8255208333333334,9.05096679918781,-181.01933598375618,171.11984104714452,0.0,-0.8,-14.142135623730951,337.9970414071697,-323.85490578343877,-249.0,-1.0,0.0,0.04,0.0,0.02,0.0,0.0,0.0,0.0,60.0,269.64467359842286,269.81116081437403,269.73829909747707,144.18904257952477,144.73225279805465,144.61938839588555
0.8260416666666667,-30.547012947258857,-161.22034611053286,190.91883092036784,0.8,0.0,60.81118318204309,298.3990616607231,-357.7960312803931,-169.0,-1.0,0.0,0.03,0.0,0.03,0.0,0.0,0.0,0.0,60.0,269.6345906963719,269.85991736454673,269.67955521321966,144.18141350396036,144.82981391964847,144.61938839588555
0.8265625,-70.14499269370552,-132.3703894381217,203.6467529817257,0.8,0.8,132.93607486307096,246.07315985291856,-379.0092347159895,-81.0,-1.0,0.0,0.04,0.0,0.02,0.0,0.0,0.0,0.0,60.0,269.6126851615109,269.90009725822625,269.67955521321966,144.1640731943989,144.8938749568111,144.68139133972966
0.8270833333333333,-106.34885989045677,-98.42926394116742,205.0609665440988,0.0,0.0,202.2325394193526,182.43354954612929,-383.2518754031088,13.0,-1.0,0.0,0.04,0.0,0.03,0.0,0.0,0.0,0.0,60.0,269.5794177974276,269.95937194326115,269.67955521321966,144.1640731943989,144.91775253570557,144.61852405553032
0.8276041666666667,-141.4213562373095,-59.96265504461923,200.8183258569795,0.0,0.0,263.0437226013957,110.30865786510142,-371.93816690412405,107.0,-1.0,0.0,0.04,0.0,0.03,0.0,0.0,0.0,0.0,60.0,269.53617567962937,269.9950231022787,269.67955521321966,144.1640731943989,144.9464556310364,144.61852405553032
0.828125,-166.87720036002523,-20.36467529817257,188.09040379562165,0.0,0.0,312.54119728445403,35.35533905932738,-347.8965363437814,195.0,-1.0,0.0,0.04,0.0,0.03,0.0,0.0,0.0,0.0,60.0,269.48480940490873,270.00069444355137,269.67955521321966,144.1640731943989,144.95583810250625,144.6757754428847
0.8286458333333333,-186.67619023324855,19.233304448274094,166.87720036002523,0.8,0.0,350.7249634685276,-38.18376618407357,-312.54119728445403,274.0,-1.0,0.01,0.04,0.0,0.04,0.0,0.0,0.0,0.0,60.0,269.48480940490873,269.99432864414024,269.7306526889371,144.1066185155977,144.95100896509828,144.6757754428847
0.8291666666666667,-200.8183258569795,57.69991334482228,144.2497833620557,2.4,0.0,373.3523804664971,-110.30865786510142,-263.0437226013957,342.0,-1.0,0.01,0.05,0.01,0.04,0.0,0.0,0.0,0.0,60.0,269.4234585183703,269.9761563545936,269.77363195835136,144.1066185155977,144.93679657009122,144.71961684581674
0.8296875,-206.4751801064719,96.16652224137047,108.6116015902537,0.8,-1.6,383.2518754031088,-181.01933598375618,-202.2325394193526,399.0,-1.0,0.0,0.05,0.0,0.05,0.0,0.0,0.0,0.0,60.0,269.4234585183703,269.94640671807434,269.80664372843006,144.16970902377517,144.91319815668965,144.77212266178873
0.8302083333333333,-205.0609665440988,132.3703894381217,72.40773439350248,0.0,0.0,377.5950211536164,-244.65894629054546,-132.93607486307096,440.0,-1.0,0.01,0.05,0.0,0.05,0.0,0.0,0.0,0.0,60.0,269.4234585183703,269.86582314179765,269.84972669988014,144.23233860684644,144.91319815668965,144.8069318092197
0.8307291666666666,-192.33304448274095,158.39191898578665,32.809754647055804,0.0,-0.8,357.7960312803931,-296.98484809834997,-60.81118318204309,462.0,-1.0,0.02,0.05,0.01,0.05,0.0,0.0,0.0,0.0,60.0,269.4234585183703,269.86582314179765,269.85956996185996,144.29104268803383,144.91319815668965,144.81480414653745
0.83125,-175.3624817342638,181.01933598375618,-5.656854249492381,0.8,0.0,325.2691193458119,-336.58282784479667,12.727922061357857,468.0,-1.0,0.02,0.05,0.0,0.05,0.0,0.0,0.0,0.0,60.0,269.4766919419934,269.8105817050176,269.8573697344581,144.29104268803383,144.9681775425214,144.8160471080467
0.8317708333333333,-151.32085117392117,195.16147160748713,-46.38620484583752,0.8,-1.6,280.01428534987286,-366.2813126546316,86.2670273047588,457.0,-1.0,0.02,0.05,0.01,0.06,0.0,0.0,0.0,0.0,60.0,269.4766919419934,269.7504633916317,269.84312572307635,144.29104268803383,144.90845385966963,144.8381424211178
0.8322916666666667,-122.18805178903543,202.2325394193526,-83.72144289248723,0.0,-2.4,220.61731573020285,-379.0092347159895,158.39191898578665,423.0,-1.0,0.02,0.06,0.01,0.06,0.0,0.0,0.0,0.0,60.0,269.54858096454524,269.7504633916316,269.79077541680334,144.3208404909007,144.72136158839857,144.8381424211178
0.8328125,-78.06458864299485,199.40411229460642,-123.3194226389339,0.0,-1.6,138.59292911256333,-371.93816690412405,231.9310242291876,362.0,-1.0,0.02,0.06,0.01,0.06,0.0,0.0,0.0,0.0,60.0,269.5935598266398,269.7504633916316,269.7143164535394,144.33982471930608,144.66023987260633,144.80789861053853
0.8333333333333334,-30.547012947258857,188.09040379562165,-156.97770542341357,0.0,0.0,57.9827560572969,-352.13917703090067,292.7422074112307,292.0,-1.0,0.02,0.06,0.01,0.06,0.0,0.0,0.0,0.0,60.0,269.6029487969299,269.7504633916316,269.61790092647783,144.33220361374657,144.6025501158261,144.75976650989736
0.8338541666666667,0.0,176.7766952966369,-178.19090885901,0.8,-0.8,2.8284271247461903,-332.34018715767735,328.0975464705581,237.0,-1.0,0.02,0.06,0.01,0.06,0.0,0.0,0.0,0.0,60.0,269.603296530291,269.7504633916316,269.56399982193466,144.33206504446613,144.54829642718036,144.81394097254588
0.834375,26.021529547664947,161.22034611053286,-188.09040379562165,0.0,0.0,-46.66904755831214,-299.8132752230962,347.8965363437814,178.0,-1.0,0.01,0.05,0.01,0.05,0.0,0.0,0.0,0.0,60.0,269.59553037838,269.7504633916316,269.56399982193466,144.33206504446613,144.54829642718036,144.87111513341782
0.8348958333333333,59.96265504461923,135.76450198781714,-195.16147160748713,0.8,0.0,-113.13708498984761,-250.31580054003783,363.45288552988546,97.0,-1.0,0.01,0.05,0.0,0.05,0.0,0.0,0.0,0.0,60.0,269.59553037838,269.7504633916316,269.62346429789824,144.34661409260698,144.51494732379763,144.87111513341782
0.8354166666666667,98.42926394116742,100.69200564096438,-199.40411229460642,0.8,0.0,-188.09040379562165,-186.67619023324855,373.3523804664971,-1.0,-1.0,0.01,0.05,0.0,0.05,0.0,0.0,0.0,0.0,60.0,269.59553037838,269.7809296447768,269.62346429789824,144.37058218349057,144.4901726762066,144.81005662591255
0.8359375,138.0272436876141,61.09402589451771,-197.9898987322333,0.8,0.8,-260.2152954766495,-108.89444430272833,367.6955262170047,-105.0,-1.0,0.01,0.05,0.0,0.05,0.0,0.0,0.0,0.0,60.0,269.5527545769103,269.798651775727,269.62346429789824,144.4042416274536,144.5337676807742,144.81005662591255
0.8364583333333333,165.46298679765212,19.233304448274094,-186.67619023324855,0.0,-1.6,-313.95541084682714,-32.526911934581186,345.0681092190352,-198.0,-1.0,0.01,0.04,0.0,0.04,0.0,0.0,0.0,0.0,60.0,269.50115955223646,269.8088443694906,269.6799028478021,144.35337716866897,144.5426234714176,144.86680088964482
0.8369791666666667,188.09040379562165,-19.233304448274094,-166.87720036002523,0.8,1.6,-349.3107499061545,36.76955262170048,311.1269837220809,-273.0,-1.0,0.0,0.05,0.0,0.04,0.0,0.0,0.0,0.0,60.0,269.50115955223646,269.80270569436476,269.6799028478021,144.46763478371204,144.53778052813735,144.86680088964482
0.8375,199.40411229460642,-56.568542494923804,-145.6639969244288,0.8,-2.4,-370.52395334175094,103.23759005323595,267.28636328851496,-335.0,-1.0,0.0,0.04,0.0,0.03,0.0,0.0,0.0,0.0,60.0,269.50115955223646,269.80270569436476,269.7235853610136,144.5887184395795,144.53778052813735,144.91101579935184
0.8380208333333333,205.0609665440988,-95.035151391472,-110.87434329005066,0.8,-0.8,-381.8376618407357,176.7766952966369,205.0609665440988,-395.0,-1.0,0.0,0.04,0.0,0.03,0.0,0.0,0.0,0.0,60.0,269.43842060849454,269.74432338790746,269.79031209441155,144.7131559326933,144.56088682627816,144.91101579935184
0.8385416666666666,203.6467529817257,-132.3703894381217,-72.40773439350248,0.8,-0.8,-380.42344827836257,247.48737341529164,131.52186130069785,-442.0,-1.0,0.0,0.04,0.0,0.02,0.0,0.0,0.0,0.0,60.0,269.43842060849454,269.662752340771,269.81173992248745,144.7131559326933,144.5283709172701,144.94579159120144
0.8390625,192.33304448274095,-158.39191898578665,-35.07249634685276,0.0,-0.8,-357.7960312803931,295.57063453597686,62.22539674441619,-462.0,-1.0,0.0,0.04,0.0,0.02,0.0,0.0,0.0,0.0,60.0,269.43842060849454,269.61419194842097,269.83166048482894,144.7131559326933,144.5283709172701,144.9542082866172
0.8395833333333333,172.5340546095176,-176.7766952966369,3.394112549695428,0.0,-0.0,-323.85490578343877,332.34018715767735,-8.485281374238571,-464.0,-1.0,0.0,0.04,0.0,0.02,0.0,0.0,0.0,0.0,60.0,269.49141915838436,269.61419194842097,269.82841770280606,144.66023987260633,144.47408937245464,144.95489815801326
0.8401041666666667,149.9066376115481,-193.74725804511402,42.99209229614209,0.0,-0.8,-281.4284989122459,362.03867196751236,-82.02438661763952,-455.0,-1.0,0.0,0.03,0.0,0.02,0.0,0.0,0.0,0.0,60.0,269.5374510156242,269.554725426953,269.80108413421914,144.66023987260633,144.41459413785023,144.96524583499317
0.840625,122.18805178903543,-202.2325394193526,81.45870119269028,0.0,0.8,-224.85995641732214,379.0092347159895,-154.14927829866738,-426.0,-1.0,0.0,0.04,0.0,0.02,0.0,0.0,0.0,0.0,60.0,269.5742012878829,269.49246278885056,269.77571703175954,144.68996164212638,144.35247659808266,144.94523965967284
0.8411458333333334,85.98418459228418,-202.2325394193526,116.53119753954304,0.8,0.0,-156.97770542341357,377.5950211536164,-220.61731573020285,-379.0,-1.0,0.0,0.03,0.0,0.02,0.0,0.0,0.0,0.0,60.0,269.59981917649725,269.43041773341037,269.7029616077658,144.73142367848112,144.2903323164792,144.8878273009848
0.8416666666666667,45.254833995939045,-195.16147160748713,148.49242404917499,0.0,-0.8,-87.6812408671319,364.86709909225857,-277.18585822512665,-320.0,-1.0,0.0,0.03,0.0,0.02,0.0,0.0,0.0,0.0,60.0,269.6140760420346,269.3704465972464,269.61164199640933,144.72023009931956,144.29033231647918,144.8878273009848
0.8421875,9.05096679918781,-181.01933598375618,172.5340546095176,0.0,0.8,-15.556349186104047,337.9970414071697,-322.4406922210657,-250.0,-1.0,0.0,0.04,0.0,0.02,0.0,0.0,0.0,0.0,60.0,269.6165100656857,269.3704465972465,269.55866708380944,144.7202300993196,144.2903323164792,144.9402290601198
0.8427083333333333,-30.547012947258857,-161.22034611053286,190.91883092036784,0.0,0.0,59.396969619669996,299.8132752230962,-357.7960312803931,-170.0,-1.0,0.0,0.03,0.0,0.03,0.0,0.0,0.0,0.0,60.0,269.6066579296587,269.41951488338776,269.55866708380944,144.7202300993196,144.2903323164792,144.94022906011983
0.8432291666666667,-67.88225099390857,-133.5017602880202,203.6467529817257,0.8,1.6,131.52186130069785,247.48737341529164,-377.5950211536164,-82.0,-1.0,0.0,0.04,0.0,0.02,0.0,0.0,0.0,0.0,60.0,269.5849819630166,269.4599923921917,269.49663727030065,144.68650593611002,144.3229018555267,144.94022906011983
0.84375,-106.34885989045677,-98.42926394116742,206.4751801064719,0.0,0.8,200.8183258569795,182.43354954612929,-383.2518754031088,12.0,-1.0,0.0,0.04,0.0,0.03,0.0,0.0,0.0,0.0,60.0,269.55194304623365,269.4599923921917,269.49663727030065,144.68650593611002,144.3229018555267,145.00295686640325
0.8442708333333333,-140.28998538741104,-58.83128419472076,200.8183258569795,0.0,1.6,261.6295090390226,110.30865786510142,-371.93816690412405,106.0,-1.0,0.0,0.04,0.0,0.04,0.0,0.0,0.0,0.0,60.0,269.5089284235311,269.4599923921917,269.49663727030065,144.65208259821222,144.30835041673782,145.00295686640325
0.8447916666666667,-166.87720036002523,-19.233304448274094,188.09040379562165,0.0,1.6,311.1269837220809,36.76955262170048,-349.3107499061545,194.0,-1.0,0.0,0.04,0.0,0.04,0.0,0.0,0.0,0.0,60.0,269.4577889020839,269.4659069344395,269.55379796990434,144.65208259821222,144.3034996110628,145.00295686640325
0.8453125,-186.67619023324855,20.36467529817257,168.29141392239833,0.0,1.6,350.7249634685276,-36.76955262170048,-312.54119728445403,273.0,-1.0,0.0,0.05,0.0,0.04,0.0,0.0,0.0,0.0,60.0,269.4577889020839,269.45976044671306,269.55379796990434,144.6520825982122,144.30835041673782,145.05402441849037
0.8458333333333333,-200.8183258569795,58.83128419472076,144.2497833620557,0.8,0.8,373.3523804664971,-108.89444430272833,-264.4579361637688,341.0,-1.0,0.01,0.05,0.0,0.05,0.0,0.0,0.0,0.0,60.0,269.4577889020839,269.4417840647586,269.59703726116874,144.6520825982122,144.32262469897088,145.05402441849037
0.8463541666666666,-206.4751801064719,96.16652224137047,109.74297244015217,0.0,-0.8,383.2518754031088,-179.60512242138307,-203.6467529817257,398.0,-1.0,0.01,0.05,0.01,0.04,0.0,0.0,0.0,0.0,60.0,269.4577889020839,269.4122074071626,269.63030245133797,144.6520825982122,144.32262469897088,145.0806327529626
0.846875,-206.4751801064719,128.97627688842627,72.40773439350248,0.0,-3.2,379.0092347159895,-244.65894629054546,-134.35028842544403,440.0,-1.0,0.01,0.05,0.0,0.05,0.0,0.0,0.0,0.0,60.0,269.51982765651957,269.4122074071626,269.65220655503634,144.71493530385868,144.22655788723517,145.0806327529626
0.8473958333333333,-195.16147160748713,156.97770542341357,33.941125496954285,0.0,-3.2,359.21024484276614,-295.57063453597686,-62.22539674441619,462.0,-1.0,0.01,0.05,0.01,0.06,0.0,0.0,0.0,0.0,60.0,269.5786063470171,269.36360184702016,269.66228879841543,144.83322305327601,144.17823171339006,145.08876593313488
0.8479166666666667,-176.7766952966369,179.60512242138307,-6.788225099390856,0.0,-2.4,326.683332908185,-336.58282784479667,11.313708498984761,468.0,-1.0,0.01,0.05,0.01,0.05,0.0,0.0,0.0,0.0,60.0,269.6320409372744,269.36360184702016,269.6603187345146,144.88693867978577,144.12295098283272,145.09028223833602
0.8484375,-152.73506473629428,195.16147160748713,-45.254833995939045,0.0,-2.4,281.4284989122459,-366.2813126546316,84.8528137423857,457.0,-1.0,0.02,0.06,0.01,0.05,0.0,0.0,0.0,0.0,60.0,269.6780487915173,269.36360184702016,269.64629609916767,144.93330362618525,144.12295098283272,145.07911634690916
0.8489583333333334,-122.18805178903543,203.6467529817257,-83.72144289248723,0.0,-1.6,222.03152929257593,-379.0092347159895,156.97770542341357,424.0,-1.0,0.02,0.06,0.01,0.06,0.0,0.0,0.0,0.0,60.0,269.7143164535394,269.36360184702016,269.62045081929523,144.93330362618525,144.1851674063598,145.07911634690916
0.8494791666666667,-80.3273303427918,200.8183258569795,-122.18805178903543,0.0,-1.6,141.4213562373095,-373.3523804664971,230.5168106668145,364.0,-1.0,0.02,0.06,0.01,0.06,0.0,0.0,0.0,0.0,60.0,269.7601944320177,269.4247343879177,269.5825476547026,144.97193693953324,144.246490425244,145.04919855000927
0.85,-32.809754647055804,189.50461735799476,-156.97770542341357,0.0,-0.8,59.396969619669996,-353.5533905932738,292.7422074112307,294.0,-1.0,0.02,0.06,0.01,0.06,0.0,0.0,0.0,0.0,60.0,269.7698092819135,269.4826061177233,269.58254765470264,144.98738738248926,144.30432252708164,145.04919855000927
0.8505208333333333,0.0,176.7766952966369,-178.19090885901,0.0,-0.8,2.8284271247461903,-332.34018715767735,328.0975464705581,238.0,-1.0,0.02,0.05,0.01,0.05,0.0,0.0,0.0,0.0,60.0,269.7698092819135,269.4826061177233,269.5825476547026,144.98738738248926,144.30432252708164,145.04919855000924
0.8510416666666667,22.627416997969522,161.22034611053286,-188.09040379562165,0.0,-3.2,-45.254833995939045,-301.2274887854693,346.4823227814083,180.0,-1.0,0.01,0.05,0.01,0.06,0.0,0.0,0.0,0.0,60.0,269.7622796092886,269.53188586881515,269.52562494130314,144.96959163907445,144.30432252708164,145.04919855000924
0.8515625,57.69991334482228,134.63313113791867,-193.74725804511402,0.0,-0.8,-110.30865786510142,-251.73001410241093,362.03867196751236,100.0,-1.0,0.02,0.06,0.01,0.05,0.0,0.0,0.0,0.0,60.0,269.72567082129945,269.5730420498311,269.46613887462746,144.94089312543926,144.27119428354365,144.98993930614634
0.8520833333333333,97.29789309126895,102.95474734076133,-200.8183258569795,0.8,0.0,-186.67619023324855,-188.09040379562165,373.3523804664971,1.0,-1.0,0.02,0.05,0.0,0.05,0.0,0.0,0.0,0.0,60.0,269.69496658261903,269.60376017407475,269.46613887462746,144.91701935935615,144.32109166715722,145.05092209289813
0.8526041666666667,136.89587283771561,59.96265504461923,-199.40411229460642,0.8,-1.6,-258.80108191427644,-110.30865786510142,369.10973977937783,-104.0,-1.0,0.01,0.05,0.0,0.05,0.0,0.0,0.0,0.0,60.0,269.65243833497965,269.6217257566608,269.5265524952968,144.88347904436864,144.30626285785382,145.11144854903765
0.853125,165.46298679765212,19.233304448274094,-186.67619023324855,0.0,-1.6,-312.54119728445403,-33.941125496954285,345.0681092190352,-196.0,-1.0,0.01,0.05,0.01,0.04,0.0,0.0,0.0,0.0,60.0,269.60109421142937,269.62717314840506,269.5265524952968,144.88347904436864,144.30626285785382,145.11144854903765
0.8536458333333333,186.67619023324855,-18.10193359837562,-168.29141392239833,0.0,0.0,-347.8965363437814,35.35533905932738,312.54119728445403,-271.0,-1.0,0.0,0.04,0.0,0.04,0.0,0.0,0.0,0.0,60.0,269.5439435416793,269.6212621437709,269.5776789721285,144.82630976448996,144.30168917930243,145.16247793421
0.8541666666666666,196.57568516986024,-53.17442994522838,-144.2497833620557,0.0,-0.8,-370.52395334175094,101.82337649086286,268.70057685088807,-333.0,-1.0,0.0,0.04,0.0,0.03,0.0,0.0,0.0,0.0,60.0,269.5439435416793,269.60445563825533,269.62160985351306,144.70542491558498,144.2613513731242,145.11833964044655
0.8546875,206.4751801064719,-91.64103884177656,-112.00571413994913,0.0,1.6,-381.8376618407357,175.3624817342638,206.4751801064719,-394.0,-1.0,0.0,0.04,0.0,0.02,0.0,0.0,0.0,0.0,60.0,269.5439435416793,269.5755923669648,269.655335567461,144.76825446208846,144.19270959379327,145.14548735665193
0.8552083333333333,205.0609665440988,-131.23901858822322,-73.53910524340095,0.8,0.0,-380.42344827836257,246.07315985291856,132.93607486307096,-442.0,-1.0,0.0,0.03,0.0,0.03,0.0,0.0,0.0,0.0,60.0,269.5439435416793,269.53513221841786,269.6770058792555,144.83062521442073,144.16038810991043,145.1632615367952
0.8557291666666667,192.33304448274095,-156.97770542341357,-33.941125496954285,0.0,0.8,-359.21024484276614,295.57063453597686,63.63961030678928,-462.0,-1.0,0.0,0.03,0.0,0.02,0.0,0.0,0.0,0.0,60.0,269.60271697444,269.5351322184179,269.68731894547807,144.83062521442073,144.1120397468581,145.15485696317572
0.85625,172.5340546095176,-176.7766952966369,2.2627416997969525,0.8,-0.8,-323.85490578343877,330.92597359530424,-7.0710678118654755,-463.0,-1.0,0.0,0.04,0.0,0.02,0.0,0.0,0.0,0.0,60.0,269.60271697444,269.480750704016,269.68604431820347,144.83062521442073,144.1120397468581,145.15416804211998
0.8567708333333334,151.32085117392117,-195.16147160748713,42.99209229614209,0.0,-0.8,-281.4284989122459,362.03867196751236,-80.61017305526643,-455.0,-1.0,0.0,0.03,0.0,0.02,0.0,0.0,0.0,0.0,60.0,269.60271697444,269.480750704016,269.6727183086936,144.87657678175586,144.17165983646026,145.15416804211998
0.8572916666666667,123.3194226389339,-203.6467529817257,80.3273303427918,0.0,0.0,-226.27416997969522,379.0092347159895,-152.73506473629428,-428.0,-1.0,0.0,0.03,0.0,0.01,0.0,0.0,0.0,0.0,60.0,269.6396901422341,269.480750704016,269.64757091433256,144.9065302186206,144.23385524903645,145.13446351573427
0.8578125,85.98418459228418,-202.2325394193526,117.66256838944152,0.0,0.8,-159.80613254815975,379.0092347159895,-219.20310216782974,-381.0,-1.0,0.0,0.03,0.0,0.02,0.0,0.0,0.0,0.0,60.0,269.6916062839183,269.5427841734963,269.6115260889267,144.9065302186206,144.23385524903645,145.16298598471994
0.8583333333333333,46.38620484583752,-196.57568516986024,147.0782104868019,0.8,-2.4,-89.095454429505,364.86709909225857,-275.77164466275354,-321.0,-1.0,0.0,0.03,0.0,0.02,0.0,0.0,0.0,0.0,60.0,269.70609003135246,269.5427841734963,269.5662024438524,144.9177094077877,144.29385815065035,145.11798647996739
0.8588541666666667,9.05096679918781,-182.43354954612929,171.11984104714452,0.0,-1.6,-16.970562748477143,339.4112549695428,-322.4406922210657,-252.0,-1.0,0.0,0.03,0.0,0.02,0.0,0.0,0.0,0.0,60.0,269.7087549561564,269.5983123092576,269.5662024438524,144.91770940778773,144.34950640719214,145.06564893178535
0.859375,-31.67838379715733,-161.22034611053286,189.50461735799476,0.0,-1.6,56.568542494923804,299.8132752230962,-356.38181771802,-172.0,-1.0,0.0,0.04,0.0,0.02,0.0,0.0,0.0,0.0,60.0,269.68975230809195,269.5983123092576,269.5076529525646,144.92529972368527,144.34950640719214,145.00768945128394
0.8598958333333333,-69.01362184380704,-133.5017602880202,202.2325394193526,0.0,0.0,130.10764773832474,248.90158697766475,-377.5950211536164,-84.0,-1.0,0.0,0.03,0.0,0.03,0.0,0.0,0.0,0.0,60.0,269.6683147868878,269.63899476893175,269.5076529525646,144.94199701949745,144.34950640719214,144.94582608685218
0.8604166666666667,-106.34885989045677,-99.56063479106591,205.0609665440988,0.0,-0.8,199.40411229460642,185.26197667087547,-383.2518754031088,10.0,-1.0,0.0,0.04,0.0,0.03,0.0,0.0,0.0,0.0,60.0,269.63551787552024,269.6992537994868,269.50765295256457,144.94199701949745,144.37375107684915,144.8830735455319
0.8609375,-140.28998538741104,-59.96265504461923,200.8183258569795,0.0,-0.0,261.6295090390226,113.13708498984761,-373.3523804664971,104.0,-1.0,0.0,0.04,0.0,0.04,0.0,0.0,0.0,0.0,60.0,269.63551787552024,269.7358661728173,269.5687528256938,144.94199701949745,144.38829592456585,144.8830735455319
0.8614583333333333,-166.87720036002523,-20.36467529817257,186.67619023324855,0.0,-0.8,311.1269837220809,39.59797974644666,-349.3107499061545,192.0,-1.0,0.0,0.04,0.0,0.04,0.0,0.0,0.0,0.0,60.0,269.63551787552024,269.7483781230204,269.5687528256938,144.94199701949745,144.39314388155694,144.82590410558467
0.8619791666666666,-188.09040379562165,16.970562748477143,169.7056274847714,0.0,-0.8,349.3107499061545,-35.35533905932738,-313.95541084682714,271.0,-1.0,0.0,0.04,0.0,0.04,0.0,0.0,0.0,0.0,60.0,269.5781426599716,269.74246977441277,269.62010310805834,144.99912068698902,144.3794306679452,144.8774654665107
0.8625,-200.8183258569795,57.69991334482228,142.83556979968262,0.0,-0.8,373.3523804664971,-107.48023074035522,-265.8721497261419,340.0,-1.0,0.01,0.05,0.0,0.05,0.0,0.0,0.0,0.0,60.0,269.5781426599716,269.724743952052,269.663563537976,144.99912068698902,144.36516200247206,144.83367184463702
0.8630208333333333,-207.88939366884497,96.16652224137047,109.74297244015217,0.0,-1.6,383.2518754031088,-178.19090885901,-205.0609665440988,396.0,-1.0,0.01,0.05,0.01,0.05,0.0,0.0,0.0,0.0,60.0,269.5781426599716,269.6954300688093,269.69705226420257,145.06225387743015,144.36516200247206,144.83367184463702
0.8635416666666667,-203.6467529817257,127.84490603852781,74.67047609329941,0.0,-0.8,379.0092347159895,-243.24473272817235,-135.76450198781714,439.0,-1.0,0.02,0.05,0.0,0.05,0.0,0.0,0.0,0.0,60.0,269.5781426599716,269.6554514561128,269.71918266967964,144.93725366516367,144.33371054608136,144.86957064891163
0.8640625,-192.33304448274095,158.39191898578665,35.07249634685276,0.0,0.8,359.21024484276614,-294.1564209736038,-63.63961030678928,462.0,-1.0,0.02,0.05,0.0,0.05,0.0,0.0,0.0,0.0,60.0,269.5781426599716,269.60712156766186,269.729494123279,144.81905088765083,144.38198467952986,144.87799177238756
0.8645833333333334,-176.7766952966369,179.60512242138307,-3.394112549695428,0.8,-0.0,326.683332908185,-336.58282784479667,9.899494936611665,468.0,-1.0,0.02,0.05,0.01,0.05,0.0,0.0,0.0,0.0,60.0,269.5781426599716,269.60712156766186,269.7277562654611,144.81905088765083,144.38198467952986,144.87426445024664
0.8651041666666667,-154.14927829866738,195.16147160748713,-41.860721446243616,0.8,-0.0,282.842712474619,-366.2813126546316,83.43860018001261,458.0,-1.0,0.02,0.05,0.0,0.05,0.0,0.0,0.0,0.0,60.0,269.6243915153078,269.60712156766186,269.7139688633127,144.86586899611655,144.38198467952986,144.84237121781734
0.865625,-124.45079348883237,205.0609665440988,-83.72144289248723,0.8,-2.4,223.44574285494903,-379.0092347159895,155.56349186104046,426.0,-1.0,0.02,0.05,0.01,0.06,0.0,0.0,0.0,0.0,60.0,269.66089816656773,269.60712156766186,269.6883618178582,144.9260501083225,144.4445222222013,144.84237121781734
0.8661458333333333,-82.59007204258876,200.8183258569795,-122.18805178903543,0.8,-2.4,144.2497833620557,-373.3523804664971,229.1025971044414,366.0,-1.0,0.02,0.06,0.01,0.05,0.0,0.0,0.0,0.0,60.0,269.7077121626299,269.60712156766186,269.65069998054895,144.96578906762795,144.4445222222013,144.84237121781734
0.8666666666666667,-32.809754647055804,189.50461735799476,-156.97770542341357,0.0,0.0,60.81118318204309,-353.5533905932738,291.3279938488576,295.0,-1.0,0.02,0.05,0.01,0.05,0.0,0.0,0.0,0.0,60.0,269.71756060738795,269.60712156766186,269.60283288570986,144.96578906762795,144.4445222222013,144.84237121781734
0.8671875,-1.1313708498984762,179.60512242138307,-176.7766952966369,0.0,1.6,4.242640687119286,-333.75440072005046,328.0975464705581,239.0,-1.0,0.02,0.06,0.01,0.06,0.0,0.0,0.0,0.0,60.0,269.7181399164691,269.66170936935043,269.60283288570986,144.96592703114757,144.55351950056422,144.78820739272933
0.8677083333333333,23.758787847868,161.22034611053286,-186.67619023324855,0.8,-0.8,-45.254833995939045,-302.64170234784234,346.4823227814083,181.0,-1.0,0.01,0.06,0.0,0.05,0.0,0.0,0.0,0.0,60.0,269.7181399164691,269.71118812537236,269.60283288570986,144.97158342240732,144.55351950056422,144.7310004802012
0.8682291666666667,56.568542494923804,136.89587283771561,-195.16147160748713,1.6,-1.6,-108.89444430272833,-254.55844122715712,362.03867196751236,103.0,-1.0,0.01,0.05,0.01,0.05,0.0,0.0,0.0,0.0,60.0,269.70018075633544,269.7941344803478,269.60283288570986,144.95764898755775,144.6199156409656,144.79036570158942
0.86875,97.29789309126895,102.95474734076133,-200.8183258569795,0.8,0.0,-183.84776310850236,-189.50461735799476,371.93816690412405,4.0,-1.0,0.01,0.05,0.01,0.05,0.0,0.0,0.0,0.0,60.0,269.63945835133256,269.82505906605485,269.5417407378679,144.95764898755775,144.6199156409656,144.79036570158942
0.8692708333333333,135.76450198781714,61.09402589451771,-197.9898987322333,0.8,-0.8,-257.38686835190333,-111.72287142747452,369.10973977937783,-101.0,-1.0,0.01,0.05,0.0,0.04,0.0,0.0,0.0,0.0,60.0,269.59715317488053,269.84324153107855,269.5417407378679,144.92439408187983,144.6347122927273,144.72970496757048
0.8697916666666666,166.87720036002523,19.233304448274094,-186.67619023324855,0.0,-0.8,-311.1269837220809,-35.35533905932738,346.4823227814083,-194.0,-1.0,0.01,0.05,0.0,0.04,0.0,0.0,0.0,0.0,60.0,269.54603039184235,269.84891606230326,269.5984282224212,144.97505819967793,144.6347122927273,144.7297049675705
0.8703125,185.26197667087547,-19.233304448274094,-168.29141392239833,0.0,-1.6,-346.4823227814083,33.941125496954285,312.54119728445403,-269.0,-1.0,0.0,0.04,0.0,0.04,0.0,0.0,0.0,0.0,60.0,269.48909996510065,269.84324153107855,269.5984282224212,144.91835632520818,144.6392754406631,144.7297049675705
0.8708333333333333,196.57568516986024,-50.91168824543143,-145.6639969244288,0.0,0.0,-369.10973977937783,98.99494936611666,270.1147904132612,-331.0,-1.0,0.0,0.04,0.0,0.03,0.0,0.0,0.0,0.0,60.0,269.42844597406565,269.8103500609271,269.6425875116911,144.91835632520818,144.61383059721504,144.77396174727002
0.8713541666666667,205.0609665440988,-91.64103884177656,-112.00571413994913,0.0,0.8,-381.8376618407357,173.9482681718907,207.88939366884497,-393.0,-1.0,0.0,0.04,0.0,0.03,0.0,0.0,0.0,0.0,60.0,269.42844597406565,269.78174048663857,269.67654236140004,144.8555918837792,144.613830597215,144.77396174727002
0.871875,203.6467529817257,-131.23901858822322,-73.53910524340095,0.8,-0.8,-380.42344827836257,244.65894629054546,134.35028842544403,-441.0,-1.0,0.0,0.04,0.0,0.03,0.0,0.0,0.0,0.0,60.0,269.42844597406565,269.74154296288884,269.6984427096308,144.7932318860243,144.61383059721504,144.77396174727002
0.8723958333333334,193.74725804511402,-158.39191898578665,-37.33523804664971,0.8,-1.6,-359.21024484276614,294.1564209736038,65.05382386916237,-462.0,-1.0,0.0,0.04,0.0,0.02,0.0,0.0,0.0,0.0,60.0,269.42844597406565,269.6932285023115,269.7089866875036,144.8521401291676,144.66201125381883,144.80006906075704
0.8729166666666667,172.5340546095176,-176.7766952966369,1.1313708498984762,0.0,-1.6,-325.2691193458119,330.92597359530424,-5.656854249492381,-463.0,-1.0,0.0,0.04,0.0,0.02,0.0,0.0,0.0,0.0,60.0,269.48167841246647,269.6932285023115,269.7079438948731,144.8521401291676,144.66201125381883,144.7996546957209
0.8734375,149.9066376115481,-195.16147160748713,39.59797974644666,0.8,-3.2,-282.842712474619,360.62445840513925,-79.19595949289332,-455.0,-1.0,0.0,0.03,0.0,0.02,0.0,0.0,0.0,0.0,60.0,269.52794382030226,269.63401120778514,269.69485071094704,144.80618080731224,144.66201125381883,144.7694028446619
0.8739583333333333,123.3194226389339,-202.2325394193526,79.19595949289332,0.0,-0.0,-227.68838354206832,379.0092347159895,-149.9066376115481,-429.0,-1.0,0.0,0.03,0.0,0.02,0.0,0.0,0.0,0.0,60.0,269.5651590988717,269.63401120778514,269.64525306409536,144.80618080731224,144.6,144.7499222797719
0.8744791666666667,85.98418459228418,-203.6467529817257,114.26845583974608,0.8,-2.4,-161.22034611053286,379.0092347159895,-217.78888860545666,-382.0,-1.0,0.0,0.03,0.0,0.02,0.0,0.0,0.0,0.0,60.0,269.59147334439194,269.63401120778514,269.6094397457181,144.80618080731224,144.6620112538188,144.66492318457853
0.875,48.64894654563447,-195.16147160748713,147.0782104868019,0.8,0.0,-90.50966799187809,366.2813126546316,-275.77164466275354,-322.0,-1.0,0.0,0.03,0.0,0.02,0.0,0.0,0.0,0.0,60.0,269.60619429085824,269.6939237357787,269.6094397457181,144.8293823780244,144.60216111801373,144.66492318457853
0.8755208333333333,10.182337649086286,-182.43354954612929,171.11984104714452,0.0,-0.8,-18.38477631085024,339.4112549695428,-321.0264786586926,-253.0,-1.0,0.0,0.04,0.0,0.02,0.0,0.0,0.0,0.0,60.0,269.60909202028034,269.69392373577864,269.55669626258594,144.83172994893076,144.60216111801373,144.66492318457853
0.8760416666666667,-30.547012947258857,-161.22034611053286,189.50461735799476,0.8,-1.6,56.568542494923804,301.2274887854693,-356.38181771802,-174.0,-1.0,0.0,0.03,0.0,0.03,0.0,0.0,0.0,0.0,60.0,269.60909202028034,269.743164880966,269.55669626258594,144.8241347289878,144.60216111801373,144.66492318457853
0.8765625,-69.01362184380704,-133.5017602880202,200.8183258569795,0.8,-0.8,127.27922061357856,250.31580054003783,-377.5950211536164,-86.0,-1.0,0.0,0.04,0.0,0.02,0.0,0.0,0.0,0.0,60.0,269.5668980049294,269.78405716424385,269.5566962625859,144.8241347289878,144.60216111801373,144.6033453969859
0.8770833333333333,-104.08611819065979,-99.56063479106591,206.4751801064719,0.8,2.4,196.57568516986024,186.67619023324855,-383.2518754031088,7.0,-1.0,0.0,0.04,0.0,0.03,0.0,0.0,0.0,0.0,60.0,269.5019712358334,269.81451962412996,269.55669626258594,144.77275296132214,144.6021611180137,144.666219277342
0.8776041666666666,-139.15861453751256,-59.96265504461923,200.8183258569795,0.8,0.8,260.2152954766495,114.5512985522207,-373.3523804664971,102.0,-1.0,0.0,0.04,0.0,0.03,0.0,0.0,0.0,0.0,60.0,269.45918058214306,269.8331660489496,269.55669626258594,144.7386264961776,144.6021611180137,144.666219277342
0.878125,-166.87720036002523,-21.496046148071045,186.67619023324855,0.8,-0.8,309.7127701597078,41.01219330881976,-349.3107499061545,190.0,-1.0,0.0,0.04,0.0,0.04,0.0,0.0,0.0,0.0,60.0,269.4082636074848,269.83976726939267,269.5566962625859,144.7386264961776,144.6072785166777,144.666219277342
0.8786458333333333,-186.67619023324855,18.10193359837562,166.87720036002523,0.0,-0.8,347.8965363437814,-33.941125496954285,-313.95541084682714,269.0,-1.0,0.0,0.04,0.0,0.04,0.0,0.0,0.0,0.0,60.0,269.35107202311264,269.83409254577157,269.5566962625859,144.68139997940304,144.61156592748728,144.5633598115373
0.8791666666666667,-200.8183258569795,56.568542494923804,144.2497833620557,0.0,-0.8,373.3523804664971,-106.06601717798213,-267.28636328851496,338.0,-1.0,0.0,0.05,0.0,0.05,0.0,0.0,0.0,0.0,60.0,269.35107202311264,269.8166043815688,269.60039873857755,144.68139997940304,144.59759679884033,144.60723529616354
0.8796875,-206.4751801064719,93.90378054157352,109.74297244015217,0.0,-2.4,383.2518754031088,-176.7766952966369,-206.4751801064719,395.0,-1.0,0.01,0.05,0.0,0.05,0.0,0.0,0.0,0.0,60.0,269.35107202311264,269.78753214335165,269.63412710560215,144.61810052687042,144.55111552665375,144.60723529616354
0.8802083333333334,-205.0609665440988,126.71353518862932,74.67047609329941,0.0,-2.4,379.0092347159895,-241.83051916579927,-137.17871555019022,438.0,-1.0,0.02,0.05,0.0,0.05,0.0,0.0,0.0,0.0,60.0,269.35107202311264,269.74779887887877,269.6564944517376,144.68053600951302,144.5199813174635,144.60723529616354
0.8807291666666667,-195.16147160748713,155.56349186104046,35.07249634685276,0.0,-2.4,359.21024484276614,-294.1564209736038,-66.46803743153548,462.0,-1.0,0.02,0.05,0.0,0.06,0.0,0.0,0.0,0.0,60.0,269.35107202311264,269.7477988788787,269.6778170335855,144.798851860089,144.4239419209987,144.60723529616354
0.88125,-176.7766952966369,179.60512242138307,-1.1313708498984762,0.0,1.6,328.0975464705581,-335.16861428242356,7.0710678118654755,468.0,-1.0,0.02,0.06,0.01,0.06,0.0,0.0,0.0,0.0,60.0,269.4047837362952,269.6927650123377,269.6750359228677,144.798851860089,144.4239419209987,144.60612884660182
0.8817708333333333,-154.14927829866738,195.16147160748713,-42.99209229614209,0.0,-0.8,284.2569260369921,-364.86709909225857,82.02438661763952,459.0,-1.0,0.02,0.05,0.01,0.06,0.0,0.0,0.0,0.0,60.0,269.45129430010167,269.63285222687534,269.6614775973758,144.798851860089,144.4239419209987,144.61650147891146
0.8822916666666667,-124.45079348883237,205.0609665440988,-81.45870119269028,0.8,-0.8,226.27416997969522,-379.0092347159895,154.14927829866738,427.0,-1.0,0.02,0.06,0.01,0.06,0.0,0.0,0.0,0.0,60.0,269.52504521843605,269.63285222687534,269.636097360869,144.798851860089,144.4239419209987,144.57611317226647
0.8828125,-83.72144289248723,202.2325394193526,-122.18805178903543,0.0,-2.4,145.6639969244288,-373.3523804664971,227.68838354206832,367.0,-1.0,0.02,0.06,0.0,0.05,0.0,0.0,0.0,0.0,60.0,269.5488128335942,269.63285222687534,269.5986600485989,144.81915446514662,144.48559616792258,144.57611317226647
0.8833333333333333,-32.809754647055804,190.91883092036784,-155.56349186104046,0.8,1.6,62.22539674441619,-353.5533905932738,291.3279938488576,296.0,-1.0,0.02,0.06,0.01,0.05,0.0,0.0,0.0,0.0,60.0,269.5588989441825,269.63285222687534,269.59866004859896,144.81915446514662,144.54376499870204,144.5283363219822
0.8838541666666667,1.1313708498984762,178.19090885901,-178.19090885901,1.6,0.8,5.656854249492381,-333.75440072005046,328.0975464705581,240.0,-1.0,0.02,0.06,0.01,0.05,0.0,0.0,0.0,0.0,60.0,269.5597104539178,269.63285222687534,269.59866004859896,144.81915446514662,144.48905667904404,144.5825975005291
0.884375,23.758787847868,162.63455967290594,-186.67619023324855,1.6,0.0,-42.42640687119285,-304.05591591021545,346.4823227814083,184.0,-1.0,0.02,0.05,0.01,0.05,0.0,0.0,0.0,0.0,60.0,269.5453347769165,269.6825680313802,269.59866004859896,144.81915446514662,144.53857616567282,144.5825975005291
0.8848958333333333,57.69991334482228,136.89587283771561,-193.74725804511402,0.8,0.8,-107.48023074035522,-255.97265478953022,362.03867196751236,105.0,-1.0,0.02,0.05,0.0,0.05,0.0,0.0,0.0,0.0,60.0,269.5275959897242,269.72439637526304,269.59866004859896,144.83310222459505,144.53857616567282,144.52314693501523
0.8854166666666666,95.035151391472,104.08611819065979,-200.8183258569795,0.0,-0.8,-182.43354954612929,-190.91883092036784,371.93816690412405,7.0,-1.0,0.01,0.05,0.0,0.04,0.0,0.0,0.0,0.0,60.0,269.49756492406385,269.7555606470421,269.59866004859896,144.78614401937776,144.5638959076574,144.52314693501523
0.8859375,134.63313113791867,63.35676759431466,-197.9898987322333,0.0,0.0,-255.97265478953022,-114.5512985522207,369.10973977937783,-99.0,-1.0,0.01,0.05,0.0,0.04,0.0,0.0,0.0,0.0,60.0,269.4554694193458,269.79262869841347,269.5986600485989,144.75312604569203,144.59432907275445,144.52314693501523
0.8864583333333333,166.87720036002523,20.36467529817257,-186.67619023324855,0.0,0.0,-311.1269837220809,-36.76955262170048,346.4823227814083,-193.0,-1.0,0.01,0.05,0.0,0.04,0.0,0.0,0.0,0.0,60.0,269.4554694193458,269.79853594858514,269.59866004859896,144.75312604569203,144.59917012209993,144.52314693501523
0.8869791666666667,185.26197667087547,-18.10193359837562,-169.7056274847714,0.8,-1.6,-347.8965363437814,32.526911934581186,313.95541084682714,-268.0,-1.0,0.01,0.05,0.0,0.04,0.0,0.0,0.0,0.0,60.0,269.51240695003264,269.79309201682685,269.65000463563877,144.75312604569203,144.59460570851184,144.5748162717145
0.8875,195.16147160748713,-50.91168824543143,-145.6639969244288,0.0,-0.8,-369.10973977937783,97.58073580374356,271.5290039756343,-329.0,-1.0,0.0,0.04,0.0,0.03,0.0,0.0,0.0,0.0,60.0,269.51240695003264,269.7769912353535,269.6943872237611,144.69331359810653,144.59460570851184,144.5748162717145
0.8880208333333334,205.0609665440988,-90.50966799187809,-113.13708498984761,0.0,0.8,-381.8376618407357,172.5340546095176,209.30360723121808,-391.0,-1.0,0.0,0.04,0.0,0.03,0.0,0.0,0.0,0.0,60.0,269.51240695003264,269.74860982032885,269.7285672671695,144.69331359810653,144.57233483623347,144.6023426504564
0.8885416666666667,205.0609665440988,-130.10764773832474,-75.8018469431979,0.0,-0.8,-381.8376618407357,244.65894629054546,135.76450198781714,-441.0,-1.0,0.0,0.03,0.0,0.03,0.0,0.0,0.0,0.0,60.0,269.5748968283212,269.74860982032885,269.7506950871489,144.75571664013827,144.54037498221734,144.638851972767
0.8890625,195.16147160748713,-156.97770542341357,-36.20386719675124,0.0,0.8,-360.62445840513925,294.1564209736038,66.46803743153548,-462.0,-1.0,0.0,0.03,0.0,0.03,0.0,0.0,0.0,0.0,60.0,269.63389530991833,269.74860982032885,269.76146870893183,144.81507172943017,144.49215376621666,144.6298637902975
0.8895833333333333,173.9482681718907,-176.7766952966369,0.0,0.0,-1.6,-326.683332908185,329.5117600329312,-4.242640687119286,-464.0,-1.0,0.0,0.04,0.0,0.02,0.0,0.0,0.0,0.0,60.0,269.68731894547807,269.6945030956323,269.7606578061375,144.8679312339346,144.49215376621666,144.6297255062043
0.8901041666666667,152.73506473629428,-193.74725804511402,40.72935059634514,0.0,-0.0,-284.2569260369921,360.62445840513925,-77.78174593052023,-455.0,-1.0,0.0,0.03,0.0,0.03,0.0,0.0,0.0,0.0,60.0,269.73378079135733,269.6945030956323,269.7477988788787,144.96022730390567,144.43266597276394,144.63954334828358
0.890625,122.18805178903543,-203.6467529817257,78.06458864299485,0.0,-2.4,-229.1025971044414,377.5950211536164,-148.49242404917499,-430.0,-1.0,0.0,0.03,0.0,0.02,0.0,0.0,0.0,0.0,60.0,269.77119935234003,269.63250453163096,269.72335364220874,144.93028496487545,144.49474903954123,144.62032187766698
0.8911458333333333,87.11555544218267,-200.8183258569795,115.39982668964456,0.0,1.6,-162.63455967290594,379.0092347159895,-216.37467504308356,-384.0,-1.0,0.0,0.03,0.0,0.02,0.0,0.0,0.0,0.0,60.0,269.7977251571999,269.63250453163096,269.68778244481155,144.95139702672756,144.37098912177612,144.64839266303653
0.8916666666666667,47.517575695736,-195.16147160748713,145.6639969244288,0.0,-0.8,-91.92388155425118,366.2813126546316,-274.35743110038044,-324.0,-1.0,0.0,0.04,0.0,0.02,0.0,0.0,0.0,0.0,60.0,269.8126664928835,269.632504531631,269.64270340582186,144.9396684831313,144.37098912177612,144.60366523708865
0.8921875,11.313708498984761,-182.43354954612929,172.5340546095176,0.8,0.8,-19.79898987322333,340.82546853191593,-319.6122650963195,-255.0,-1.0,0.0,0.03,0.0,0.02,0.0,0.0,0.0,0.0,60.0,269.81579364447884,269.6882459433484,269.5901982639577,144.94229023994345,144.37098912177612,144.65616993408887
0.8927083333333333,-28.284271247461902,-162.63455967290594,190.91883092036784,0.8,0.0,53.74011537017761,301.2274887854693,-354.9676041556469,-175.0,-1.0,0.0,0.03,0.0,0.02,0.0,0.0,0.0,0.0,60.0,269.7977251571999,269.6882459433484,269.5318858688152,144.9279389903824,144.4205490918796,144.71427020166325
0.8932291666666666,-67.88225099390857,-135.76450198781714,200.8183258569795,0.0,-1.6,125.86500705120547,251.73001410241093,-377.5950211536164,-88.0,-1.0,0.0,0.03,0.0,0.03,0.0,0.0,0.0,0.0,60.0,269.7769912353535,269.7293782664395,269.53188586881515,144.91124007474372,144.48645265214313,144.71427020166325
0.89375,-104.08611819065979,-101.82337649086286,205.0609665440988,0.0,-0.8,195.16147160748713,188.09040379562165,-383.2518754031088,5.0,-1.0,0.0,0.04,0.0,0.03,0.0,0.0,0.0,0.0,60.0,269.74490263951236,269.7600785883634,269.5318858688152,144.91124007474372,144.53572222810524,144.6514172070222
0.8942708333333333,-139.15861453751256,-62.22539674441619,200.8183258569795,0.0,-0.8,257.38686835190333,115.9655121145938,-373.3523804664971,99.0,-1.0,0.0,0.04,0.0,0.03,0.0,0.0,0.0,0.0,60.0,269.66008696134475,269.7789604472521,269.5318858688152,144.91124007474372,144.5656079432449,144.6514172070222
0.8947916666666667,-166.87720036002523,-23.758787847868,186.67619023324855,0.0,-2.4,308.29855659733477,42.42640687119285,-350.7249634685276,188.0,-1.0,0.0,0.04,0.0,0.03,0.0,0.0,0.0,0.0,60.0,269.6094397457181,269.7857946593927,269.5892709289448,144.91124007474372,144.57667515889275,144.6514172070222
0.8953125,-186.67619023324855,19.233304448274094,168.29141392239833,0.0,0.8,347.8965363437814,-32.526911934581186,-315.36962440920024,268.0,-1.0,0.0,0.05,0.0,0.04,0.0,0.0,0.0,0.0,60.0,269.6094397457181,269.78035047052634,269.6408490937529,144.91124007474372,144.58124013854632,144.7026088223706
0.8958333333333334,-199.40411229460642,55.43717164502533,144.2497833620557,0.8,0.8,371.93816690412405,-104.65180361560904,-267.28636328851496,337.0,-1.0,0.01,0.04,0.01,0.04,0.0,0.0,0.0,0.0,60.0,269.5483490952968,269.76309050720783,269.6408490937529,144.85019848105148,144.56754476714337,144.7026088223706
0.8963541666666667,-206.4751801064719,92.77240969167504,112.00571413994913,0.0,-1.6,383.2518754031088,-173.9482681718907,-207.88939366884497,394.0,-1.0,0.01,0.05,0.01,0.04,0.0,0.0,0.0,0.0,60.0,269.5483490952968,269.70562656348125,269.6748041623466,144.85019848105145,144.54471626455253,144.75677877046036
0.896875,-206.4751801064719,127.84490603852781,74.67047609329941,0.0,-2.4,379.0092347159895,-240.41630560342617,-138.59292911256333,437.0,-1.0,0.01,0.05,0.0,0.05,0.0,0.0,0.0,0.0,60.0,269.5483490952968,269.66611299901956,269.69739987623166,144.91296525846127,144.5758451471061,144.75677877046036
0.8973958333333333,-193.74725804511402,155.56349186104046,37.33523804664971,0.0,-0.0,360.62445840513925,-292.7422074112307,-67.88225099390857,462.0,-1.0,0.02,0.05,0.01,0.05,0.0,0.0,0.0,0.0,60.0,269.6073533863645,269.61801683121996,269.7084073587622,144.85365028193112,144.5758451471061,144.77446252706312
0.8979166666666667,-176.7766952966369,178.19090885901,-3.394112549695428,1.6,-0.8,328.0975464705581,-333.75440072005046,5.656854249492381,468.0,-1.0,0.02,0.05,0.01,0.05,0.0,0.0,0.0,0.0,60.0,269.6073533863645,269.5631883251124,269.70736456389176,144.85365028193112,144.52114897135297,144.77556769013205
0.8984375,-154.14927829866738,195.16147160748713,-41.860721446243616,1.6,-0.8,284.2569260369921,-364.86709909225857,79.19595949289332,459.0,-1.0,0.02,0.06,0.01,0.06,0.0,0.0,0.0,0.0,60.0,269.6073533863644,269.5631883251124,269.68094574886084,144.85365028193112,144.52114897135297,144.7652064551424
0.8989583333333333,-124.45079348883237,202.2325394193526,-82.59007204258876,1.6,-3.2,227.68838354206832,-379.0092347159895,151.32085117392117,428.0,-1.0,0.02,0.06,0.02,0.06,0.0,0.0,0.0,0.0,60.0,269.64455770513894,269.5631883251124,269.6308819478956,144.85365028193112,144.39654601132258,144.78523750714368
0.8994791666666667,-83.72144289248723,202.2325394193526,-121.05668093913694,0.8,-1.6,147.0782104868019,-373.3523804664971,226.27416997969522,368.0,-1.0,0.02,0.06,0.01,0.06,0.0,0.0,0.0,0.0,60.0,269.668546552986,269.5631883251124,269.59367574184677,144.85365028193112,144.39654601132258,144.75553530003612
0.9,-33.941125496954285,190.91883092036784,-155.56349186104046,0.8,1.6,63.63961030678928,-354.9676041556469,289.9137802864845,297.0,-1.0,0.02,0.06,0.01,0.05,0.0,0.0,0.0,0.0,60.0,269.6788599427104,269.6212621437709,269.54603039184235,144.86179620590104,144.39654601132258,144.75553530003612
0.9005208333333333,-2.2627416997969525,181.01933598375618,-178.19090885901,0.0,0.8,5.656854249492381,-333.75440072005046,326.683332908185,241.0,-1.0,0.01,0.06,0.01,0.06,0.0,0.0,0.0,0.0,60.0,269.6788599427104,269.6212621437709,269.49234683010945,144.8622103931871,144.50644449297064,144.75553530003612
0.9010416666666666,20.36467529817257,164.04877323527904,-186.67619023324855,0.0,-1.6,-41.01219330881976,-304.05591591021545,345.0681092190352,185.0,-1.0,0.02,0.06,0.01,0.05,0.0,0.0,0.0,0.0,60.0,269.67202302055733,269.6212621437709,269.4356370267304,144.84605621141364,144.5563903810551,144.75553530003612
0.9015625,54.30580079512685,138.0272436876141,-192.33304448274095,0.8,0.0,-104.65180361560904,-257.38686835190333,360.62445840513925,107.0,-1.0,0.01,0.05,0.01,0.06,0.0,0.0,0.0,0.0,60.0,269.6372563278302,269.663331767595,269.3763631055999,144.80504134870444,144.5900065703021,144.69658772756185
0.9020833333333333,93.90378054157352,105.21748904055829,-199.40411229460642,0.0,0.0,-181.01933598375618,-192.33304448274095,371.93816690412405,9.0,-1.0,0.01,0.05,0.0,0.05,0.0,0.0,0.0,0.0,60.0,269.607469295641,269.69473483922525,269.3763631055999,144.78197401610464,144.61559390328554,144.63545554254668
0.9026041666666667,134.63313113791867,63.35676759431466,-200.8183258569795,0.0,-1.6,-254.55844122715712,-115.9655121145938,369.10973977937783,-97.0,-1.0,0.01,0.05,0.01,0.04,0.0,0.0,0.0,0.0,60.0,269.5656228082505,269.713621272638,269.3763631055999,144.78197401610464,144.61559390328554,144.75726233940736
0.903125,165.46298679765212,22.627416997969522,-188.09040379562165,0.0,0.0,-309.7127701597078,-38.18376618407357,346.4823227814083,-191.0,-1.0,0.01,0.04,0.0,0.04,0.0,0.0,0.0,0.0,60.0,269.5147259427581,269.71976197527687,269.3763631055999,144.73124230794124,144.62610414444552,144.81445887755822
0.9036458333333334,185.26197667087547,-16.970562748477143,-169.7056274847714,0.8,-0.8,-346.4823227814083,31.112698372208094,315.36962440920024,-266.0,-1.0,0.0,0.05,0.0,0.04,0.0,0.0,0.0,0.0,60.0,269.4577889020839,269.7145481801084,269.4279820285933,144.73124230794124,144.62181716463115,144.81445887755822
0.9041666666666667,195.16147160748713,-50.91168824543143,-147.0782104868019,0.8,-2.4,-367.6955262170047,96.16652224137047,271.5290039756343,-328.0,-1.0,0.0,0.04,0.0,0.04,0.0,0.0,0.0,0.0,60.0,269.39735986085685,269.69867444983856,269.42798202859336,144.73124230794124,144.62181716463115,144.85912121782323
0.9046875,203.6467529817257,-89.37829714197962,-114.26845583974608,0.0,-0.0,-381.8376618407357,169.7056274847714,210.7178207935912,-389.0,-1.0,0.0,0.04,0.0,0.03,0.0,0.0,0.0,0.0,60.0,269.39735986085685,269.6425875116911,269.462427807663,144.66882870888256,144.59982710916358,144.88686966043542
0.9052083333333333,205.0609665440988,-128.97627688842627,-74.67047609329941,0.0,0.8,-381.8376618407357,243.24473272817235,138.59292911256333,-441.0,-1.0,0.0,0.04,0.0,0.03,0.0,0.0,0.0,0.0,60.0,269.39735986085685,269.6026010631203,269.507421048104,144.66882870888256,144.5681500192902,144.8685093455441
0.9057291666666667,195.16147160748713,-156.97770542341357,-37.33523804664971,0.0,-0.0,-360.62445840513925,292.7422074112307,67.88225099390857,-462.0,-1.0,0.0,0.03,0.0,0.02,0.0,0.0,0.0,0.0,60.0,269.39735986085685,269.55449356299,269.5184362896164,144.66882870888256,144.56815001929021,144.87748272247143
0.90625,173.9482681718907,-176.7766952966369,0.0,1.6,-1.6,-326.683332908185,328.0975464705581,-2.8284271247461903,-463.0,-1.0,0.0,0.03,0.0,0.02,0.0,0.0,0.0,0.0,60.0,269.39735986085685,269.50057977674186,269.5178565512868,144.66882870888256,144.56815001929021,144.87748272247143
0.9067708333333333,151.32085117392117,-193.74725804511402,40.72935059634514,0.0,-0.8,-284.2569260369921,360.62445840513925,-76.36753236814714,-456.0,-1.0,0.0,0.04,0.0,0.02,0.0,0.0,0.0,0.0,60.0,269.39735986085685,269.50057977674186,269.5052179457756,144.62237897365677,144.5681500192902,144.87748272247143
0.9072916666666667,123.3194226389339,-200.8183258569795,78.06458864299485,0.0,0.0,-230.5168106668145,379.0092347159895,-147.0782104868019,-431.0,-1.0,0.0,0.03,0.0,0.02,0.0,0.0,0.0,0.0,60.0,269.4350571102432,269.56260868302934,269.480982631428,144.65238504774126,144.44445299145275,144.87748272247143
0.9078125,88.24692629208114,-202.2325394193526,114.26845583974608,0.0,0.0,-164.04877323527904,379.0092347159895,-214.96046148071045,-385.0,-1.0,0.0,0.03,0.0,0.01,0.0,0.0,0.0,0.0,60.0,269.46184794883305,269.56260868302934,269.44561139495295,144.67381414755056,144.5060984872265,144.8494563331185
0.9083333333333333,50.91168824543143,-197.9898987322333,144.2497833620557,0.0,-1.6,-93.33809511662427,366.2813126546316,-272.9432175380074,-325.0,-1.0,0.0,0.03,0.0,0.02,0.0,0.0,0.0,0.0,60.0,269.4770398382764,269.56260868302934,269.40072382976257,144.70989081607382,144.62628564683533,144.80522262681
0.9088541666666666,11.313708498984761,-183.84776310850236,171.11984104714452,0.0,-0.8,-21.213203435596427,340.82546853191593,-319.6122650963195,-257.0,-1.0,0.0,0.03,0.0,0.02,0.0,0.0,0.0,0.0,60.0,269.48040281252366,269.56260868302934,269.40072382976257,144.70989081607382,144.68223802526697,144.75277199418326
0.909375,-28.284271247461902,-162.63455967290594,189.50461735799476,0.0,-1.6,52.32590180780452,302.64170234784234,-354.9676041556469,-177.0,-1.0,0.0,0.03,0.0,0.02,0.0,0.0,0.0,0.0,60.0,269.47170537924757,269.61210562584165,269.40072382976257,144.70989081607382,144.68223802526697,144.69468718650316
0.9098958333333333,-66.7508801440101,-135.76450198781714,200.8183258569795,0.8,-0.8,124.45079348883237,251.73001410241093,-376.1808075912433,-90.0,-1.0,0.0,0.03,0.0,0.03,0.0,0.0,0.0,0.0,60.0,269.45117832364366,269.61210562584165,269.3388896910359,144.6934431824746,144.68223802526697,144.69468718650316
0.9104166666666667,-104.08611819065979,-102.95474734076133,205.0609665440988,0.0,-1.6,193.74725804511402,189.50461735799476,-383.2518754031088,3.0,-1.0,0.0,0.03,0.0,0.03,0.0,0.0,0.0,0.0,60.0,269.41928290306174,269.6430510879151,269.3388896910359,144.69344318247462,144.7072562105992,144.69468718650316
0.9109375,-135.76450198781714,-63.35676759431466,200.8183258569795,0.0,0.8,257.38686835190333,117.3797256769669,-374.7665940288702,98.0,-1.0,0.0,0.04,0.0,0.03,0.0,0.0,0.0,0.0,60.0,269.41928290306174,269.66217291270203,269.4002598365488,144.59264331216858,144.72259671523312,144.69468718650316
0.9114583333333334,-165.46298679765212,-22.627416997969522,186.67619023324855,0.0,-0.8,306.88434303496166,43.84062043356595,-350.7249634685276,186.0,-1.0,0.0,0.04,0.0,0.03,0.0,0.0,0.0,0.0,60.0,269.3688224349655,269.6692418500857,269.4002598365488,144.54184515219114,144.71693059210455,144.69468718650316
0.9119791666666667,-186.67619023324855,16.970562748477143,169.7056274847714,0.0,0.0,346.4823227814083,-31.112698372208094,-316.7838379715733,266.0,-1.0,0.0,0.05,0.0,0.04,0.0,0.0,0.0,0.0,60.0,269.3118545478457,269.66402707814035,269.4521061339102,144.54184515219114,144.7080854686427,144.74629528937865
0.9125,-200.8183258569795,55.43717164502533,144.2497833620557,0.0,-0.8,371.93816690412405,-103.23759005323595,-268.70057685088807,335.0,-1.0,0.01,0.05,0.0,0.05,0.0,0.0,0.0,0.0,60.0,269.3118545478457,269.64699145364114,269.49605748507713,144.60301691181968,144.7080854686427,144.74629528937865
0.9130208333333333,-206.4751801064719,91.64103884177656,113.13708498984761,0.0,-0.8,383.2518754031088,-172.5340546095176,-209.30360723121808,392.0,-1.0,0.02,0.05,0.01,0.05,0.0,0.0,0.0,0.0,60.0,269.3118545478457,269.61859635418324,269.5302626793511,144.60301691181965,144.68555560248578,144.7737890641811
0.9135416666666667,-203.6467529817257,127.84490603852781,76.93321779309638,0.0,0.8,379.0092347159895,-237.58787847867998,-141.4213562373095,436.0,-1.0,0.02,0.05,0.0,0.05,0.0,0.0,0.0,0.0,60.0,269.3118545478457,269.5402335459402,269.5761719811304,144.4776193740747,144.68555560248578,144.81080760771968
0.9140625,-193.74725804511402,155.56349186104046,38.46660889654819,0.8,0.8,360.62445840513925,-291.3279938488576,-69.29646455628166,461.0,-1.0,0.02,0.06,0.01,0.05,0.0,0.0,0.0,0.0,60.0,269.3118545478457,269.49234683010945,269.5874162493494,144.4776193740747,144.68555560248578,144.82006076507494
0.9145833333333333,-178.19090885901,178.19090885901,0.0,0.8,0.0,329.5117600329312,-333.75440072005046,4.242640687119286,469.0,-1.0,0.02,0.05,0.01,0.06,0.0,0.0,0.0,0.0,60.0,269.3658061076053,269.49234683010945,269.58660482301417,144.5318995931348,144.68555560248575,144.8188178380144
0.9151041666666667,-155.56349186104046,195.16147160748713,-41.860721446243616,0.0,-1.6,285.67113959936523,-363.45288552988546,77.78174593052023,459.0,-1.0,0.03,0.06,0.01,0.06,0.0,0.0,0.0,0.0,60.0,269.41255538671544,269.43262144736667,269.5737375932604,144.57924297768335,144.68555560248578,144.8188178380144
0.915625,-124.45079348883237,203.6467529817257,-79.19595949289332,0.8,0.0,229.1025971044414,-379.0092347159895,149.9066376115481,429.0,-1.0,0.02,0.05,0.01,0.06,0.0,0.0,0.0,0.0,60.0,269.4500185563178,269.43262144736667,269.5490447024437,144.57924297768335,144.7475302034546,144.75955926984582
0.9161458333333333,-83.72144289248723,200.8183258569795,-119.92531008923847,0.0,-1.6,148.49242404917499,-373.3523804664971,224.85995641732214,370.0,-1.0,0.02,0.06,0.01,0.06,0.0,0.0,0.0,0.0,60.0,269.47425665543636,269.43262144736667,269.51205909940285,144.57924297768335,144.6859875730888,144.73012816963853
0.9166666666666666,-35.07249634685276,190.91883092036784,-152.73506473629428,0.0,2.4,65.05382386916237,-354.9676041556469,288.4995667241114,299.0,-1.0,0.02,0.06,0.01,0.06,0.0,0.0,0.0,0.0,60.0,269.48480940490873,269.43262144736667,269.4646312598371,144.58768101052038,144.6859875730888,144.63595680189627
0.9171875,-2.2627416997969525,178.19090885901,-175.3624817342638,0.0,0.8,7.0710678118654755,-335.16861428242356,326.683332908185,242.0,-1.0,0.02,0.06,0.01,0.06,0.0,0.0,0.0,0.0,60.0,269.4858530609724,269.48747651792655,269.4646312598371,144.58768101052038,144.5762255697665,144.52788658248622
0.9177083333333333,20.36467529817257,164.04877323527904,-186.67619023324855,0.8,-1.6,-39.59797974644666,-305.47012947258855,345.0681092190352,187.0,-1.0,0.01,0.05,0.01,0.05,0.0,0.0,0.0,0.0,60.0,269.47924317097227,269.5374510156242,269.4646312598371,144.58768101052038,144.5762255697665,144.52788658248622
0.9182291666666667,53.17442994522838,139.15861453751256,-195.16147160748713,0.8,-1.6,-103.23759005323595,-257.38686835190333,360.62445840513925,109.0,-1.0,0.01,0.06,0.01,0.06,0.0,0.0,0.0,0.0,60.0,269.4621958642808,269.5374510156242,269.4646312598371,144.57453959809106,144.6101137541908,144.64632729523413
0.91875,92.77240969167504,106.34885989045677,-200.8183258569795,0.8,-0.8,-178.19090885901,-195.16147160748713,371.93816690412405,11.0,-1.0,0.01,0.05,0.0,0.05,0.0,0.0,0.0,0.0,60.0,269.40327577815384,269.60097829941196,269.4646312598372,144.55171220016732,144.63597408667044,144.70745488743833
0.9192708333333334,132.3703894381217,64.48813844421313,-197.9898987322333,1.6,-0.8,-253.14422766478404,-117.3797256769669,369.10973977937783,-95.0,-1.0,0.01,0.05,0.01,0.04,0.0,0.0,0.0,0.0,60.0,269.3616295985752,269.62010310805834,269.4646312598371,144.48639209281959,144.6515986776503,144.58560613007091
0.9197916666666667,164.04877323527904,22.627416997969522,-186.67619023324855,0.8,0.0,-308.29855659733477,-39.59797974644666,347.8965363437814,-189.0,-1.0,0.01,0.05,0.0,0.05,0.0,0.0,0.0,0.0,60.0,269.31092625439464,269.6264777428211,269.5215668550478,144.43598928244995,144.6515986776503,144.52831902433516
0.9203125,183.84776310850236,-14.70782104868019,-169.7056274847714,0.8,0.0,-345.0681092190352,29.698484809834998,315.36962440920024,-264.0,-1.0,0.0,0.04,0.0,0.04,0.0,0.0,0.0,0.0,60.0,269.2541782405614,269.6214939503155,269.5215668550478,144.37950858761087,144.64385572847536,144.52831902433516
0.9208333333333333,196.57568516986024,-48.64894654563447,-148.49242404917499,1.6,0.0,-367.6955262170047,93.33809511662427,272.9432175380074,-326.0,-1.0,0.0,0.04,0.0,0.03,0.0,0.0,0.0,0.0,60.0,269.2541782405614,269.59043009721245,269.5662024438524,144.43945098206376,144.61951804649328,144.57350206728756
0.9213541666666667,206.4751801064719,-85.98418459228418,-116.53119753954304,0.8,2.4,-381.8376618407357,168.29141392239833,212.13203435596427,-389.0,-1.0,0.0,0.04,0.0,0.03,0.0,0.0,0.0,0.0,60.0,269.2541782405614,269.56272461154566,269.60086238734476,144.56488162759308,144.55519707018493,144.62993293229448
0.921875,205.0609665440988,-126.71353518862932,-76.93321779309638,0.0,0.8,-381.8376618407357,241.83051916579927,140.00714267493643,-440.0,-1.0,0.0,0.04,0.0,0.04,0.0,0.0,0.0,0.0,60.0,269.2541782405614,269.52295820578996,269.62369610254956,144.5648816275931,144.4926468717353,144.66698828689286
0.9223958333333333,193.74725804511402,-156.97770542341357,-37.33523804664971,0.8,-0.8,-362.03867196751236,291.3279938488576,69.29646455628166,-462.0,-1.0,0.0,0.04,0.0,0.03,0.0,0.0,0.0,0.0,60.0,269.3134790536857,269.47506842006743,269.6349383889262,144.50542377364252,144.4926468717353,144.6669882868929
0.9229166666666667,176.7766952966369,-175.3624817342638,0.0,0.0,0.8,-328.0975464705581,328.0975464705581,-1.4142135623730951,-464.0,-1.0,0.0,0.04,0.0,0.02,0.0,0.0,0.0,0.0,60.0,269.3671982628917,269.47506842006743,269.6345906963719,144.6126464041095,144.43878461133627,144.6669882868929
0.9234375,154.14927829866738,-192.33304448274095,38.46660889654819,0.0,0.0,-285.67113959936523,359.21024484276614,-74.95331880577405,-456.0,-1.0,0.0,0.03,0.0,0.02,0.0,0.0,0.0,0.0,60.0,269.4139473004321,269.41603515752365,269.62218936875354,144.70596912359906,144.37970771545423,144.64763219631354
0.9239583333333333,124.45079348883237,-200.8183258569795,76.93321779309638,0.0,0.0,-231.9310242291876,377.5950211536164,-145.6639969244288,-432.0,-1.0,0.0,0.03,0.0,0.02,0.0,0.0,0.0,0.0,60.0,269.45187418164306,269.35397249715845,269.59819639604416,144.73623423317326,144.37970771545426,144.628688371291
0.9244791666666666,90.50966799187809,-202.2325394193526,112.00571413994913,0.8,-0.0,-166.87720036002523,380.42344827836257,-213.54624791833737,-386.0,-1.0,0.0,0.03,0.0,0.02,0.0,0.0,0.0,0.0,60.0,269.50614557000364,269.41626714064614,269.5630723967955,144.7798932863262,144.37970771545426,144.57336372928452
0.925,50.91168824543143,-195.16147160748713,144.2497833620557,0.8,0.0,-94.75230867899738,367.6955262170047,-271.5290039756343,-327.0,-1.0,0.0,0.03,0.0,0.02,0.0,0.0,0.0,0.0,60.0,269.5215668550478,269.4764600108885,269.5184362896164,144.7798932863262,144.25931512384219,144.57336372928452
0.9255208333333333,12.445079348883239,-182.43354954612929,171.11984104714452,0.0,0.8,-22.627416997969522,342.23968209428904,-318.1980515339464,-258.0,-1.0,0.0,0.03,0.0,0.02,0.0,0.0,0.0,0.0,60.0,269.52516116310926,269.53246557696906,269.46613887462746,144.7827942125721,144.20319864690936,144.57336372928452
0.9260416666666667,-27.152900397563425,-162.63455967290594,188.09040379562165,0.0,-1.6,50.91168824543143,304.05591591021545,-353.5533905932738,-179.0,-1.0,0.0,0.03,0.0,0.02,0.0,0.0,0.0,0.0,60.0,269.51669707088655,269.5821998945776,269.40803161747056,144.77602529424544,144.20319864690936,144.51563929208493
0.9265625,-63.35676759431466,-136.89587283771561,202.2325394193526,0.0,1.6,123.03657992645928,253.14422766478404,-376.1808075912433,-93.0,-1.0,0.0,0.04,0.0,0.03,0.0,0.0,0.0,0.0,60.0,269.4964053563609,269.6235802002488,269.40803161747056,144.72835762213293,144.23661983005564,144.5772544351289
0.9270833333333334,-101.82337649086286,-102.95474734076133,206.4751801064719,0.8,0.8,192.33304448274095,190.91883092036784,-383.2518754031088,0.0,-1.0,0.0,0.04,0.0,0.03,0.0,0.0,0.0,0.0,60.0,269.4647472305051,269.65475612345506,269.40803161747056,144.6780477474036,144.23661983005564,144.6401396570122
0.9276041666666667,-136.89587283771561,-64.48813844421313,200.8183258569795,0.0,0.0,255.97265478953022,120.20815280171308,-374.7665940288702,95.0,-1.0,0.0,0.04,0.0,0.03,0.0,0.0,0.0,0.0,60.0,269.4226465982398,269.6936919914887,269.40803161747056,144.71135926388087,144.25228767683376,144.6401396570122
0.928125,-166.87720036002523,-26.021529547664947,188.09040379562165,0.8,-3.2,306.88434303496166,45.254833995939045,-352.13917703090067,184.0,-1.0,0.0,0.04,0.0,0.04,0.0,0.0,0.0,0.0,60.0,269.4226465982398,269.7009918409645,269.4656749940519,144.762097940034,144.27017189980748,144.6973824918751
0.9286458333333333,-186.67619023324855,16.970562748477143,169.7056274847714,0.8,0.0,346.4823227814083,-28.284271247461902,-316.7838379715733,264.0,-1.0,0.0,0.05,0.0,0.03,0.0,0.0,0.0,0.0,60.0,269.4226465982398,269.6912586644217,269.4656749940519,144.762097940034,144.27017189980748,144.6973824918751
0.9291666666666667,-200.8183258569795,53.17442994522838,144.2497833620557,0.0,-1.6,371.93816690412405,-100.40916292848975,-270.1147904132612,334.0,-1.0,0.01,0.05,0.0,0.04,0.0,0.0,0.0,0.0,60.0,269.4226465982398,269.6578851062954,269.5098560349881,144.762097940034,144.24355271553736,144.6973824918751
0.9296875,-206.4751801064719,90.50966799187809,113.13708498984761,0.8,-2.4,383.2518754031088,-171.11984104714452,-210.7178207935912,391.0,-1.0,0.01,0.05,0.01,0.05,0.0,0.0,0.0,0.0,60.0,269.4226465982398,269.62972295353495,269.5442913511618,144.762097940034,144.2212276331054,144.6973824918751
0.9302083333333333,-206.4751801064719,126.71353518862932,78.06458864299485,0.8,-0.8,379.0092347159895,-236.17366491630688,-142.83556979968262,435.0,-1.0,0.02,0.05,0.0,0.05,0.0,0.0,0.0,0.0,60.0,269.4226465982398,269.590893763124,269.5675935642116,144.88724926645548,144.19002219293816,144.7163173246196
0.9307291666666667,-195.16147160748713,155.56349186104046,38.46660889654819,0.0,-1.6,362.03867196751236,-291.3279938488576,-70.71067811865476,461.0,-1.0,0.02,0.05,0.01,0.06,0.0,0.0,0.0,0.0,60.0,269.4819103390801,269.590893763124,269.579070033265,144.94655049362163,144.19002219293816,144.7163173246196
0.93125,-178.19090885901,176.7766952966369,0.0,0.0,-1.6,330.92597359530424,-332.34018715767735,2.8284271247461903,469.0,-1.0,0.02,0.05,0.01,0.05,0.0,0.0,0.0,0.0,60.0,269.5360597396942,269.53629161951454,269.5784904253305,144.94655049362163,144.13561322587836,144.7163173246196
0.9317708333333333,-155.56349186104046,195.16147160748713,-39.59797974644666,0.0,-0.8,287.08535316173834,-363.45288552988546,76.36753236814714,460.0,-1.0,0.02,0.06,0.01,0.06,0.0,0.0,0.0,0.0,60.0,269.58301133417143,269.53629161951454,269.56585466264085,144.94655049362163,144.13561322587836,144.6964149521335
0.9322916666666666,-125.58216433873085,205.0609665440988,-78.06458864299485,0.0,0.8,230.5168106668145,-379.0092347159895,148.49242404917499,430.0,-1.0,0.01,0.06,0.01,0.07,0.0,0.0,0.0,0.0,60.0,269.6206826265374,269.53629161951454,269.54139292509416,144.97704128585326,144.19825761776735,144.67720103734382
0.9328125,-83.72144289248723,202.2325394193526,-117.66256838944152,0.8,0.8,151.32085117392117,-374.7665940288702,222.03152929257593,371.0,-1.0,0.02,0.05,0.01,0.06,0.0,0.0,0.0,0.0,60.0,269.66982126296597,269.5976168292294,269.46811035816467,144.97704128585326,144.2600083183139,144.6191290943214
0.9333333333333333,-36.20386719675124,190.91883092036784,-152.73506473629428,0.8,1.6,66.46803743153548,-354.9676041556469,287.08535316173834,300.0,-1.0,0.02,0.06,0.01,0.06,0.0,0.0,0.0,0.0,60.0,269.6805981156227,269.5976168292294,269.42090676114947,144.98573205664067,144.2600083183139,144.6191290943214
0.9338541666666667,-2.2627416997969525,181.01933598375618,-176.7766952966369,0.8,1.6,8.485281374238571,-335.16861428242356,325.2691193458119,244.0,-1.0,0.02,0.05,0.01,0.06,0.0,0.0,0.0,0.0,60.0,269.68187276863824,269.5976168292294,269.36743028807325,144.98573205664067,144.37001073630216,144.6729242118234
0.934375,20.36467529817257,166.87720036002523,-185.26197667087547,0.0,0.8,-38.18376618407357,-306.88434303496166,345.0681092190352,188.0,-1.0,0.02,0.05,0.01,0.06,0.0,0.0,0.0,0.0,60.0,269.67549944331245,269.6478026982605,269.36743028807325,144.98573205664067,144.47127742219212,144.61610387505257
0.9348958333333334,52.043059095329895,140.28998538741104,-192.33304448274095,0.0,0.0,-101.82337649086286,-258.80108191427644,360.62445840513925,111.0,-1.0,0.02,0.05,0.01,0.05,0.0,0.0,0.0,0.0,60.0,269.6586963181421,269.6900999295302,269.36743028807325,144.97290264045898,144.50546702460775,144.4976383890062
0.9354166666666667,90.50966799187809,106.34885989045677,-200.8183258569795,0.0,-2.4,-176.7766952966369,-196.57568516986024,371.93816690412405,14.0,-1.0,0.01,0.05,0.0,0.05,0.0,0.0,0.0,0.0,60.0,269.6296070538249,269.7221950451983,269.36743028807325,144.92819773943233,144.50546702460775,144.4976383890062
0.9359375,131.23901858822322,65.61950929411161,-199.40411229460642,0.0,-1.6,-250.31580054003783,-120.20815280171308,369.10973977937783,-92.0,-1.0,0.01,0.05,0.0,0.05,0.0,0.0,0.0,0.0,60.0,269.5470738108652,269.76112117946127,269.36743028807325,144.8960403185677,144.52138250099878,144.5583965046652
0.9364583333333333,162.63455967290594,23.758787847868,-186.67619023324855,0.8,0.0,-308.29855659733477,-41.01219330881976,347.8965363437814,-188.0,-1.0,0.01,0.05,0.0,0.04,0.0,0.0,0.0,0.0,60.0,269.5470738108652,269.7677241628435,269.36743028807325,144.8462115486629,144.52705629050914,144.5583965046652
0.9369791666666667,185.26197667087547,-13.576450198781712,-169.7056274847714,1.6,1.6,-345.0681092190352,28.284271247461902,316.7838379715733,-263.0,-1.0,0.0,0.04,0.0,0.03,0.0,0.0,0.0,0.0,60.0,269.5470738108652,269.7629746647972,269.4192829030617,144.90251033022167,144.5235966892604,144.5583965046652
0.9375,195.16147160748713,-48.64894654563447,-148.49242404917499,0.8,-1.6,-367.6955262170047,91.92388155425118,274.35743110038044,-325.0,-1.0,0.0,0.04,0.0,0.03,0.0,0.0,0.0,0.0,60.0,269.5470738108652,269.74779887887877,269.46416737666624,144.84275957050804,144.5235966892604,144.5583965046652
0.9380208333333333,203.6467529817257,-87.11555544218267,-116.53119753954304,0.0,0.0,-380.42344827836257,165.46298679765212,213.54624791833737,-387.0,-1.0,0.0,0.04,0.0,0.03,0.0,0.0,0.0,0.0,60.0,269.48457748079016,269.69311262989277,269.4990723546187,144.7175697695342,144.5447681516007,144.5583965046652
0.9385416666666667,202.2325394193526,-127.84490603852781,-75.8018469431979,0.0,-0.8,-381.8376618407357,240.41630560342617,141.4213562373095,-439.0,-1.0,0.0,0.04,0.0,0.03,0.0,0.0,0.0,0.0,60.0,269.48457748079016,269.65359723170764,269.52214658539657,144.59313607498802,144.57589702298236,144.53971772492156
0.9390625,195.16147160748713,-155.56349186104046,-38.46660889654819,0.0,-0.0,-362.03867196751236,291.3279938488576,70.71067811865476,-461.0,-1.0,0.0,0.04,0.0,0.03,0.0,0.0,0.0,0.0,60.0,269.48457748079016,269.65359723170764,269.53362498953635,144.65255787575967,144.52812010124535,144.5489882358227
0.9395833333333333,176.7766952966369,-176.7766952966369,-1.1313708498984762,0.8,-0.8,-328.0975464705581,326.683332908185,0.0,-463.0,-1.0,0.0,0.03,0.0,0.02,0.0,0.0,0.0,0.0,60.0,269.4845774807902,269.59993508901294,269.533509048504,144.65255787575967,144.58194908078946,144.54912659715384
0.9401041666666666,154.14927829866738,-193.74725804511402,38.46660889654819,0.0,-0.8,-287.08535316173834,359.21024484276614,-72.12489168102785,-457.0,-1.0,0.0,0.04,0.0,0.03,0.0,0.0,0.0,0.0,60.0,269.53153804332436,269.59993508901294,269.50939222965866,144.65255787575967,144.64094337358284,144.54912659715384
0.940625,125.58216433873085,-203.6467529817257,74.67047609329941,0.0,-2.4,-234.7594513539338,377.5950211536164,-144.2497833620557,-432.0,-1.0,0.0,0.03,0.0,0.02,0.0,0.0,0.0,0.0,60.0,269.6080488412763,269.59993508901294,269.485621137752,144.6831106245646,144.76447250620575,144.5120410208091
0.9411458333333333,90.50966799187809,-205.0609665440988,113.13708498984761,0.0,-0.8,-168.29141392239833,379.0092347159895,-212.13203435596427,-387.0,-1.0,0.0,0.03,0.0,0.02,0.0,0.0,0.0,0.0,60.0,269.6355178755203,269.53768289424767,269.4507144173123,144.6831106245646,144.88875905328197,144.53957935458374
0.9416666666666667,53.17442994522838,-196.57568516986024,144.2497833620557,0.8,0.8,-96.16652224137047,367.6955262170047,-270.1147904132612,-329.0,-1.0,0.0,0.03,0.0,0.02,0.0,0.0,0.0,0.0,60.0,269.6511635428262,269.53768289424767,269.40629168599605,144.70854328615155,144.94849085106063,144.53957935458374
0.9421875,13.576450198781712,-183.84776310850236,166.87720036002523,0.8,-2.4,-25.455844122715714,342.23968209428904,-316.7838379715733,-260.0,-1.0,0.0,0.03,0.0,0.02,0.0,0.0,0.0,0.0,60.0,269.65904397961515,269.53768289424767,269.35420453373285,144.71172205457302,145.00431890119688,144.38447804386735
0.9427083333333334,-26.021529547664947,-164.04877323527904,188.09040379562165,0.0,-1.6,49.49747468305833,305.47012947258855,-353.5533905932738,-181.0,-1.0,0.0,0.03,0.0,0.02,0.0,0.0,0.0,0.0,60.0,269.65081587119295,269.58764808499666,269.35420453373285,144.70522623595872,145.0540933583055,144.38447804386735
0.9432291666666667,-63.35676759431466,-136.89587283771561,200.8183258569795,0.0,0.8,121.62236636408618,255.97265478953022,-376.1808075912433,-95.0,-1.0,0.0,0.04,0.0,0.02,0.0,0.0,0.0,0.0,60.0,269.6307660486837,269.6710959669204,269.35420453373285,144.70522623595872,145.0540933583055,144.32278059959904
0.94375,-100.69200564096438,-104.08611819065979,206.4751801064719,0.8,0.8,190.91883092036784,192.33304448274095,-383.2518754031088,-2.0,-1.0,0.0,0.04,0.0,0.02,0.0,0.0,0.0,0.0,60.0,269.59935552593595,269.70249813451863,269.35420453373285,144.68048417115557,145.0793231304861,144.32278059959904
0.9442708333333333,-135.76450198781714,-65.61950929411161,200.8183258569795,0.8,0.0,254.55844122715712,121.62236636408618,-374.7665940288702,93.0,-1.0,0.0,0.04,0.0,0.03,0.0,0.0,0.0,0.0,60.0,269.55750777895247,269.7223109051233,269.35420453373285,144.64716554429955,145.09517566066765,144.32278059959904
0.9447916666666667,-162.63455967290594,-24.890158697766477,189.50461735799476,0.0,1.6,305.47012947258855,48.083261120685236,-352.13917703090067,182.0,-1.0,0.0,0.04,0.0,0.03,0.0,0.0,0.0,0.0,60.0,269.5073050957988,269.73760397838487,269.35420453373285,144.49607261098828,145.08897270295907,144.38058214316771
0.9453125,-185.26197667087547,14.70782104868019,171.11984104714452,0.0,0.0,345.0681092190352,-26.870057685088806,-318.1980515339464,263.0,-1.0,0.0,0.05,0.0,0.04,0.0,0.0,0.0,0.0,60.0,269.45059844060467,269.73308566062116,269.40629168599605,144.43918270330943,145.08125309632533,144.43273520916233
0.9458333333333333,-199.40411229460642,53.17442994522838,147.0782104868019,0.0,0.8,370.52395334175094,-98.99494936611666,-271.5290039756343,332.0,-1.0,0.01,0.05,0.0,0.05,0.0,0.0,0.0,0.0,60.0,269.38970377503296,269.71674957258404,269.4507144173123,144.37794152847587,145.08125309632533,144.52184955915837
0.9463541666666667,-206.4751801064719,91.64103884177656,115.39982668964456,0.0,0.8,381.8376618407357,-169.7056274847714,-213.54624791833737,390.0,-1.0,0.01,0.05,0.0,0.04,0.0,0.0,0.0,0.0,60.0,269.32693886798626,269.68882531539936,269.5202914438911,144.3779415284759,145.10344585846335,144.57774725039812
0.946875,-203.6467529817257,124.45079348883237,79.19595949289332,0.0,0.0,380.42344827836257,-236.17366491630688,-144.2497833620557,434.0,-1.0,0.01,0.05,0.0,0.05,0.0,0.0,0.0,0.0,60.0,269.3892397628383,269.6888253153994,269.5438276050854,144.25234833443787,145.04223522822585,144.5969743805174
0.9473958333333333,-195.16147160748713,155.56349186104046,39.59797974644666,0.0,0.8,362.03867196751236,-289.9137802864845,-72.12489168102785,461.0,-1.0,0.02,0.05,0.01,0.05,0.0,0.0,0.0,0.0,60.0,269.3892397628383,269.64119677823714,269.5555369492528,144.25234833443787,145.04223522822585,144.6065178337408
0.9479166666666666,-179.60512242138307,178.19090885901,0.0,0.0,-0.8,330.92597359530424,-332.34018715767735,1.4142135623730951,469.0,-1.0,0.02,0.05,0.0,0.06,0.0,0.0,0.0,0.0,60.0,269.3892397628383,269.64119677823714,269.55518915428064,144.30714639268564,145.09630422584857,144.6065178337408
0.9484375,-155.56349186104046,195.16147160748713,-40.72935059634514,0.0,-1.6,288.4995667241114,-362.03867196751236,74.95331880577405,460.0,-1.0,0.02,0.06,0.01,0.06,0.0,0.0,0.0,0.0,60.0,269.43644890771554,269.5817362137131,269.5427841734963,144.30714639268564,145.09630422584857,144.61633725136315
0.9489583333333333,-125.58216433873085,203.6467529817257,-76.93321779309638,0.0,0.8,231.9310242291876,-379.0092347159895,147.0782104868019,431.0,-1.0,0.02,0.06,0.01,0.05,0.0,0.0,0.0,0.0,60.0,269.47437262196195,269.5817362137131,269.51855223713267,144.30714639268564,145.0340477267321,144.5973893263637
0.9494791666666667,-84.8528137423857,202.2325394193526,-117.66256838944152,0.8,0.0,152.73506473629428,-374.7665940288702,220.61731573020285,373.0,-1.0,0.02,0.06,0.01,0.06,0.0,0.0,0.0,0.0,60.0,269.4993042662634,269.58173621371316,269.4822582286263,144.32779531330758,145.0340477267321,144.5973893263637
0.95,-37.33523804664971,192.33304448274095,-152.73506473629428,0.0,1.6,67.88225099390857,-354.9676041556469,285.67113959936523,302.0,-1.0,0.02,0.06,0.02,0.05,0.0,0.0,0.0,0.0,60.0,269.5103198395193,269.5817362137131,269.43528907698783,144.33680230627255,145.09242743851246,144.5973893263637
0.9505208333333334,-2.2627416997969525,179.60512242138307,-175.3624817342638,0.0,1.6,9.899494936611665,-335.16861428242356,325.2691193458119,245.0,-1.0,0.02,0.06,0.01,0.06,0.0,0.0,0.0,0.0,60.0,269.5118271987335,269.5817362137131,269.43528907698783,144.33680230627255,145.03749515211575,144.5435660968692
0.9510416666666667,20.36467529817257,165.46298679765212,-186.67619023324855,0.0,-0.8,-36.76955262170048,-306.88434303496166,343.65389565666214,190.0,-1.0,0.02,0.05,0.01,0.05,0.0,0.0,0.0,0.0,60.0,269.50568175828874,269.5817362137131,269.37879927715176,144.33680230627255,144.98685285225002,144.600414937164
0.9515625,52.043059095329895,140.28998538741104,-193.74725804511402,0.0,-0.8,-98.99494936611666,-260.2152954766495,359.21024484276614,114.0,-1.0,0.02,0.05,0.01,0.06,0.0,0.0,0.0,0.0,60.0,269.4727490860625,269.624275613306,269.3197449129937,144.33680230627255,144.98685285225002,144.65940169930192
0.9520833333333333,91.64103884177656,107.48023074035522,-199.40411229460642,0.8,0.0,-175.3624817342638,-197.9898987322333,371.93816690412405,16.0,-1.0,0.01,0.05,0.0,0.05,0.0,0.0,0.0,0.0,60.0,269.4438717061496,269.65661033989136,269.3197449129937,144.3591095151255,145.01292183802104,144.5982537930524
0.9526041666666667,130.10764773832474,66.7508801440101,-197.9898987322333,0.0,-0.8,-250.31580054003783,-121.62236636408618,370.52395334175094,-90.0,-1.0,0.01,0.05,0.01,0.04,0.0,0.0,0.0,0.0,60.0,269.4438717061496,269.67642648181175,269.38042337927976,144.32710244441273,145.02905743332957,144.5375124318943
0.953125,162.63455967290594,23.758787847868,-186.67619023324855,0.8,0.0,-306.88434303496166,-43.84062043356595,349.3107499061545,-185.0,-1.0,0.01,0.04,0.0,0.04,0.0,0.0,0.0,0.0,60.0,269.39341584381754,269.6903316769068,269.4376087334506,144.3271024444127,145.02905743332954,144.5375124318943
0.9536458333333333,183.84776310850236,-13.576450198781712,-171.11984104714452,1.6,0.0,-345.0681092190352,26.870057685088806,318.1980515339464,-262.0,-1.0,0.0,0.05,0.0,0.04,0.0,0.0,0.0,0.0,60.0,269.39341584381754,269.68581256714265,269.4896797652927,144.27057912131636,145.02905743332954,144.58960889358542
0.9541666666666667,195.16147160748713,-45.254833995939045,-148.49242404917499,0.0,0.8,-367.6955262170047,90.50966799187809,275.77164466275354,-324.0,-1.0,0.0,0.04,0.0,0.04,0.0,0.0,0.0,0.0,60.0,269.39341584381754,269.67086420301325,269.53478439711637,144.27057912131636,144.99471542094216,144.58960889358542
0.9546875,203.6467529817257,-87.11555544218267,-118.79393923933999,0.0,-1.6,-380.42344827836257,164.04877323527904,214.96046148071045,-386.0,-1.0,0.0,0.04,0.0,0.03,0.0,0.0,0.0,0.0,60.0,269.39341584381754,269.6438623443894,269.5699120821907,144.27057912131636,144.99471542094216,144.64713961914353
0.9552083333333333,203.6467529817257,-126.71353518862932,-80.3273303427918,0.8,-2.4,-381.8376618407357,239.0020920410531,142.83556979968262,-438.0,-1.0,0.0,0.04,0.0,0.03,0.0,0.0,0.0,0.0,60.0,269.39341584381754,269.6045715487777,269.59321208071987,144.33273190790786,144.96367648483533,144.72344315970375
0.9557291666666666,195.16147160748713,-155.56349186104046,-40.72935059634514,0.8,-0.0,-363.45288552988546,289.9137802864845,73.53910524340095,-461.0,-1.0,0.0,0.03,0.0,0.02,0.0,0.0,0.0,0.0,60.0,269.4529179652727,269.55692812465423,269.6168577815564,144.33273190790786,144.96367648483533,144.74278911227321
0.95625,178.19090885901,-172.5340546095176,-3.394112549695428,0.0,0.8,-329.5117600329312,325.2691193458119,2.8284271247461903,-464.0,-1.0,0.0,0.03,0.0,0.03,0.0,0.0,0.0,0.0,60.0,269.50684128607946,269.5034786417422,269.61732140201974,144.38706659531525,144.80385008693656,144.74389451717818
0.9567708333333333,155.56349186104046,-192.33304448274095,37.33523804664971,0.0,0.8,-288.4995667241114,359.21024484276614,-70.71067811865476,-457.0,-1.0,0.0,0.03,0.0,0.02,0.0,0.0,0.0,0.0,60.0,269.55402983446567,269.5034786417422,269.6056147412364,144.43445745389153,144.74492219072832,144.73463649037157
0.9572916666666667,126.71353518862932,-202.2325394193526,75.8018469431979,0.0,-0.0,-236.17366491630688,377.5950211536164,-142.83556979968262,-433.0,-1.0,0.0,0.03,0.0,0.02,0.0,0.0,0.0,0.0,60.0,269.5926325031899,269.5034786417422,269.5820839744363,144.46533321181244,144.68294647262337,144.75301378555127
0.9578125,91.64103884177656,-203.6467529817257,112.00571413994913,0.8,0.0,-169.7056274847714,379.0092347159895,-210.7178207935912,-388.0,-1.0,0.0,0.04,0.0,0.02,0.0,0.0,0.0,0.0,60.0,269.6203349155994,269.5034786417422,269.54742161630855,144.4876205769892,144.62051203062447,144.72551606403067
0.9583333333333334,52.043059095329895,-196.57568516986024,142.83556979968262,0.0,-1.6,-98.99494936611666,367.6955262170047,-268.70057685088807,-330.0,-1.0,0.0,0.03,0.0,0.02,0.0,0.0,0.0,0.0,60.0,269.6523224450329,269.5034786417422,269.50324673368965,144.4747469283127,144.6205120306245,144.6816764486782
0.9588541666666667,15.839191898578665,-183.84776310850236,166.87720036002523,0.0,-0.8,-26.870057685088806,343.65389565666214,-316.7838379715733,-262.0,-1.0,0.0,0.03,0.0,0.02,0.0,0.0,0.0,0.0,60.0,269.65661033989136,269.5597104539178,269.50324673368965,144.48194523884288,144.6205120306245,144.6816764486782
0.959375,-23.758787847868,-164.04877323527904,188.09040379562165,0.0,0.0,48.083261120685236,305.47012947258855,-352.13917703090067,-183.0,-1.0,0.0,0.03,0.0,0.03,0.0,0.0,0.0,0.0,60.0,269.64861394043913,269.5597104539178,269.4453794370948,144.4697632724578,144.6205120306245,144.6816764486782
0.9598958333333333,-64.48813844421313,-136.89587283771561,200.8183258569795,0.8,0.0,120.20815280171308,255.97265478953022,-376.1808075912433,-97.0,-1.0,0.0,0.04,0.0,0.03,0.0,0.0,0.0,0.0,60.0,269.6287957544594,269.5597104539178,269.4453794370948,144.48540583740626,144.6205120306245,144.68167644867822
0.9604166666666667,-100.69200564096438,-106.34885989045677,206.4751801064719,0.8,-0.8,189.50461735799476,193.74725804511402,-383.2518754031088,-4.0,-1.0,0.0,0.03,0.0,0.03,0.0,0.0,0.0,0.0,60.0,269.5976168292294,269.59135742823804,269.4453794370948,144.48540583740626,144.67194786827196,144.6816764486782
0.9609375,-135.76450198781714,-65.61950929411161,200.8183258569795,0.0,0.0,253.14422766478404,123.03657992645928,-376.1808075912433,91.0,-1.0,0.0,0.04,0.0,0.03,0.0,0.0,0.0,0.0,60.0,269.55600067518435,269.6114101813942,269.5069572385841,144.48540583740626,144.67194786827196,144.6816764486782
0.9614583333333333,-164.04877323527904,-26.021529547664947,188.09040379562165,0.0,-1.6,304.05591591021545,49.49747468305833,-353.5533905932738,180.0,-1.0,0.0,0.04,0.0,0.03,0.0,0.0,0.0,0.0,60.0,269.50602961714975,269.6194076842392,269.5648113163141,144.53535899564505,144.67816870557908,144.62399524283651
0.9619791666666667,-183.84776310850236,12.445079348883239,172.5340546095176,0.0,0.0,345.0681092190352,-25.455844122715714,-318.1980515339464,261.0,-1.0,0.0,0.05,0.0,0.04,0.0,0.0,0.0,0.0,60.0,269.50602961714975,269.61511919771857,269.5648113163141,144.47891714710488,144.67153313627392,144.67649256185334
0.9625,-199.40411229460642,53.17442994522838,148.49242404917499,0.0,1.6,370.52395334175094,-97.58073580374356,-272.9432175380074,331.0,-1.0,0.01,0.05,0.0,0.04,0.0,0.0,0.0,0.0,60.0,269.50602961714975,269.5990077874917,269.6094397457181,144.4789171471049,144.67153313627392,144.72162934406177
0.9630208333333333,-205.0609665440988,88.24692629208114,116.53119753954304,0.0,0.0,381.8376618407357,-168.29141392239833,-214.96046148071045,389.0,-1.0,0.01,0.05,0.0,0.04,0.0,0.0,0.0,0.0,60.0,269.50602961714975,269.57130318340637,269.64455770513894,144.4159617216878,144.60557561864618,144.74995682210064
0.9635416666666666,-205.0609665440988,124.45079348883237,78.06458864299485,0.8,-1.6,380.42344827836257,-233.3452377915607,-145.6639969244288,434.0,-1.0,0.02,0.06,0.0,0.05,0.0,0.0,0.0,0.0,60.0,269.50602961714975,269.49431812192256,269.6683147868878,144.47848455739006,144.60557561864618,144.7307500153302
0.9640625,-195.16147160748713,155.56349186104046,40.72935059634514,0.8,0.8,363.45288552988546,-288.4995667241114,-73.53910524340095,460.0,-1.0,0.02,0.05,0.01,0.05,0.0,0.0,0.0,0.0,60.0,269.5655068809806,269.4468871596033,269.68025048193647,144.47848455739006,144.60557561864618,144.74056100485447
0.9645833333333333,-181.01933598375618,176.7766952966369,0.0,0.8,-3.2,332.34018715767735,-330.92597359530424,0.0,469.0,-1.0,0.02,0.06,0.01,0.06,0.0,0.0,0.0,0.0,60.0,269.6198713003179,269.39248783141676,269.6801346039415,144.53362930474,144.5513230655465,144.74056100485447
0.9651041666666667,-156.97770542341357,195.16147160748713,-38.46660889654819,0.0,-0.8,289.9137802864845,-362.03867196751236,72.12489168102785,461.0,-1.0,0.02,0.06,0.01,0.06,0.0,0.0,0.0,0.0,60.0,269.6672718369806,269.3924878314167,269.65603089862464,144.58140440596088,144.5513230655465,144.72121475443743
0.965625,-126.71353518862932,202.2325394193526,-76.93321779309638,0.0,-0.8,233.3452377915607,-379.0092347159895,144.2497833620557,432.0,-1.0,0.02,0.06,0.01,0.06,0.0,0.0,0.0,0.0,60.0,269.705394829247,269.3924878314167,269.60828065918156,144.61224878965126,144.48926430707579,144.72121475443743
0.9661458333333334,-84.8528137423857,200.8183258569795,-116.53119753954304,0.8,-0.8,155.56349186104046,-374.7665940288702,219.20310216782974,375.0,-1.0,0.02,0.06,0.01,0.06,0.0,0.0,0.0,0.0,60.0,269.7559081836763,269.39248783141676,269.57223058022873,144.61224878965126,144.42761162603225,144.69260520150988
0.9666666666666667,-37.33523804664971,189.50461735799476,-151.32085117392117,1.6,0.8,70.71067811865476,-356.38181771802,284.2569260369921,303.0,-1.0,0.03,0.05,0.0,0.05,0.0,0.0,0.0,0.0,60.0,269.7786129403145,269.45083039397,269.52550899682944,144.6122487896513,144.31072378725014,144.6461631015493
0.9671875,-3.394112549695428,179.60512242138307,-173.9482681718907,0.8,1.6,11.313708498984761,-336.58282784479667,325.2691193458119,246.0,-1.0,0.02,0.05,0.01,0.05,0.0,0.0,0.0,0.0,60.0,269.7803504705263,269.50591366424595,269.52550899682944,144.6129402923542,144.31072378725014,144.59279027669396
0.9677083333333333,19.233304448274094,166.87720036002523,-185.26197667087547,0.0,0.0,-36.76955262170048,-308.29855659733477,343.65389565666214,191.0,-1.0,0.02,0.05,0.01,0.06,0.0,0.0,0.0,0.0,60.0,269.7803504705263,269.55634846910954,269.52550899682944,144.60809970399308,144.36160327455497,144.53593843746958
0.9682291666666667,49.780317395532954,141.4213562373095,-192.33304448274095,0.0,-0.8,-97.58073580374356,-261.6295090390226,359.21024484276614,116.0,-1.0,0.01,0.06,0.01,0.06,0.0,0.0,0.0,0.0,60.0,269.76424892857835,269.59912370035624,269.5255089968295,144.5832026896624,144.39609586134938,144.47690126798818
0.96875,89.37829714197962,109.74297244015217,-199.40411229460642,0.8,0.0,-172.5340546095176,-199.40411229460642,371.93816690412405,19.0,-1.0,0.01,0.05,0.01,0.05,0.0,0.0,0.0,0.0,60.0,269.7072486975461,269.63169324098385,269.52550899682944,144.5389307418593,144.44927310305167,144.47690126798815
0.9692708333333333,130.10764773832474,69.01362184380704,-200.8183258569795,0.0,-0.8,-248.90158697766475,-123.03657992645928,370.52395334175094,-88.0,-1.0,0.01,0.05,0.0,0.05,0.0,0.0,0.0,0.0,60.0,269.6663447670102,269.6517429945522,269.52550899682944,144.5389307418593,144.48249894018306,144.59884162744873
0.9697916666666667,165.46298679765212,24.890158697766477,-188.09040379562165,0.0,1.6,-305.47012947258855,-45.254833995939045,349.3107499061545,-183.0,-1.0,0.0,0.05,0.0,0.04,0.0,0.0,0.0,0.0,60.0,269.61616234936656,269.65904397961515,269.52550899682944,144.63921494532525,144.48845109558064,144.6561008046325
0.9703125,183.84776310850236,-12.445079348883239,-171.11984104714452,0.8,-0.0,-343.65389565666214,24.041630560342618,318.1980515339464,-259.0,-1.0,0.0,0.05,0.0,0.04,0.0,0.0,0.0,0.0,60.0,269.5597104539178,269.65069998054895,269.52550899682944,144.63921494532525,144.48526741505515,144.6561008046325
0.9708333333333333,196.57568516986024,-45.254833995939045,-149.9066376115481,1.6,0.8,-366.2813126546316,89.095454429505,277.18585822512665,-322.0,-1.0,0.01,0.04,0.0,0.03,0.0,0.0,0.0,0.0,60.0,269.4995361777085,269.6359814638989,269.57083948379875,144.69904975500012,144.48526741505515,144.70167587142868
0.9713541666666666,205.0609665440988,-84.8528137423857,-118.79393923933999,0.8,0.8,-380.42344827836257,162.63455967290594,217.78888860545666,-384.0,-1.0,0.0,0.04,0.0,0.03,0.0,0.0,0.0,0.0,60.0,269.4995361777085,269.60920792880944,269.6417762513813,144.76145032431805,144.44318087054162,144.70167587142868
0.971875,206.4751801064719,-125.58216433873085,-79.19595949289332,0.0,0.8,-381.8376618407357,237.58787847867998,144.2497833620557,-436.0,-1.0,0.0,0.04,0.0,0.03,0.0,0.0,0.0,0.0,60.0,269.4995361777085,269.5701439328918,269.6653018094838,144.88660221014226,144.4123003763876,144.6821861875193
0.9723958333333333,193.74725804511402,-155.56349186104046,-40.72935059634514,0.0,-1.6,-363.45288552988546,288.4995667241114,74.95331880577405,-461.0,-1.0,0.0,0.03,0.0,0.02,0.0,0.0,0.0,0.0,60.0,269.4995361777085,269.52272631449836,269.6774693963142,144.82727643645035,144.4123003763876,144.6821861875193
0.9729166666666667,178.19090885901,-172.5340546095176,-3.394112549695428,0.0,0.8,-330.92597359530424,325.2691193458119,4.242640687119286,-464.0,-1.0,0.0,0.03,0.0,0.02,0.0,0.0,0.0,0.0,60.0,269.55368203754887,269.52272631449836,269.6780487915173,144.82727643645035,144.41230037638763,144.6821861875193
0.9734375,155.56349186104046,-190.91883092036784,35.07249634685276,0.0,-0.8,-288.4995667241114,357.7960312803931,-69.29646455628166,-457.0,-1.0,0.0,0.03,0.0,0.02,0.0,0.0,0.0,0.0,60.0,269.55368203754887,269.4639354347814,269.6665765348016,144.82727643645035,144.3536456068914,144.66449115107687
0.9739583333333334,127.84490603852781,-203.6467529817257,73.53910524340095,0.8,-1.6,-236.17366491630688,377.5950211536164,-141.4213562373095,-434.0,-1.0,0.0,0.03,0.0,0.02,0.0,0.0,0.0,0.0,60.0,269.55368203754887,269.4639354347813,269.64328287572823,144.85834459912897,144.41576264383332,144.62798830102008
0.9744791666666667,92.77240969167504,-203.6467529817257,109.74297244015217,0.8,-0.8,-171.11984104714452,380.42344827836257,-209.30360723121808,-390.0,-1.0,0.0,0.03,0.0,0.02,0.0,0.0,0.0,0.0,60.0,269.5816202933724,269.52620466292325,269.6088602030727,144.8808475955328,144.41576264383332,144.57377009679178
0.975,54.30580079512685,-196.57568516986024,141.4213562373095,0.8,-0.8,-100.40916292848975,367.6955262170047,-267.28636328851496,-331.0,-1.0,0.0,0.03,0.0,0.02,0.0,0.0,0.0,0.0,60.0,269.59796456946776,269.52620466292325,269.5649272438831,144.9067976321332,144.41576264383332,144.53031688887975
0.9755208333333333,14.70782104868019,-185.26197667087547,166.87720036002523,0.0,-3.2,-28.284271247461902,343.65389565666214,-315.36962440920024,-263.0,-1.0,0.0,0.03,0.0,0.02,0.0,0.0,0.0,0.0,60.0,269.6024851517508,269.52620466292325,269.5131026499454,144.9030710509615,144.4722291653313,144.53031688887975
0.9760416666666667,-23.758787847868,-165.46298679765212,188.09040379562165,0.8,-0.8,45.254833995939045,306.88434303496166,-352.13917703090067,-185.0,-1.0,0.0,0.04,0.0,0.02,0.0,0.0,0.0,0.0,60.0,269.5871844135029,269.5764038264477,269.5131026499454,144.9030710509615,144.5226193369052,144.53031688887975
0.9765625,-62.22539674441619,-136.89587283771561,200.8183258569795,0.8,1.6,118.79393923933999,257.38686835190333,-374.7665940288702,-99.0,-1.0,0.0,0.04,0.0,0.03,0.0,0.0,0.0,0.0,60.0,269.5675935642116,269.61848044969025,269.45152625286795,144.872150532806,144.5226193369052,144.53031688887975
0.9770833333333333,-100.69200564096438,-105.21748904055829,206.4751801064719,1.6,-0.0,188.09040379562165,196.57568516986024,-383.2518754031088,-6.0,-1.0,0.0,0.04,0.0,0.03,0.0,0.0,0.0,0.0,60.0,269.5366394388711,269.682452154381,269.45152625286795,144.872150532806,144.49673871752262,144.53031688887975
0.9776041666666667,-135.76450198781714,-67.88225099390857,200.8183258569795,1.6,-1.6,251.73001410241093,124.45079348883237,-376.1808075912433,89.0,-1.0,0.0,0.04,0.0,0.03,0.0,0.0,0.0,0.0,60.0,269.4952457836687,269.70272987124173,269.451526252868,144.872150532806,144.5294001232967,144.53031688887978
0.978125,-162.63455967290594,-26.021529547664947,189.50461735799476,0.8,0.8,302.64170234784234,50.91168824543143,-353.5533905932738,178.0,-1.0,0.0,0.04,0.0,0.04,0.0,0.0,0.0,0.0,60.0,269.44549541604886,269.7109563959165,269.451526252868,144.82231354318296,144.5294001232967,144.5880354662861
0.9786458333333333,-183.84776310850236,11.313708498984761,172.5340546095176,0.8,-0.8,343.65389565666214,-24.041630560342618,-319.6122650963195,259.0,-1.0,0.0,0.04,0.0,0.04,0.0,0.0,0.0,0.0,60.0,269.38900775644134,269.70690109821066,269.50382650344693,144.82231354318296,144.52649411094148,144.5880354662861
0.9791666666666666,-199.40411229460642,50.91168824543143,148.49242404917499,1.6,0.0,370.52395334175094,-96.16652224137047,-274.35743110038044,329.0,-1.0,0.0,0.05,0.0,0.05,0.0,0.0,0.0,0.0,60.0,269.38900775644134,269.69102691784167,269.54869689909464,144.82231354318296,144.501029408098,144.5880354662861
0.9796875,-206.4751801064719,89.37829714197962,117.66256838944152,0.8,0.0,381.8376618407357,-165.46298679765212,-216.37467504308356,387.0,-1.0,0.01,0.05,0.0,0.05,0.0,0.0,0.0,0.0,60.0,269.38900775644134,269.63632915465973,269.5840546100603,144.8850924008402,144.52275772348105,144.6166657062733
0.9802083333333333,-206.4751801064719,124.45079348883237,79.19595949289332,0.8,-2.4,380.42344827836257,-231.9310242291876,-147.0782104868019,433.0,-1.0,0.01,0.05,0.0,0.05,0.0,0.0,0.0,0.0,60.0,269.38900775644134,269.59819639604416,269.60804884127623,144.9478440681337,144.52275772348105,144.6358876627789
0.9807291666666667,-196.57568516986024,152.73506473629428,40.72935059634514,0.0,-2.4,363.45288552988546,-287.08535316173834,-76.36753236814714,460.0,-1.0,0.01,0.05,0.01,0.05,0.0,0.0,0.0,0.0,60.0,269.38900775644134,269.55101557961154,269.6326204300956,145.00755152749804,144.42845114450267,144.6358876627789
0.98125,-181.01933598375618,176.7766952966369,0.0,0.0,-3.2,332.34018715767735,-329.5117600329312,-2.8284271247461903,468.0,-1.0,0.02,0.05,0.01,0.05,0.0,0.0,0.0,0.0,60.0,269.38900775644134,269.4968691840408,269.63308402345587,145.00755152749804,144.42845114450267,144.6358876627789
0.9817708333333334,-158.39191898578665,195.16147160748713,-38.46660889654819,0.0,-1.6,291.3279938488576,-362.03867196751236,70.71067811865476,461.0,-1.0,0.02,0.06,0.01,0.06,0.0,0.0,0.0,0.0,60.0,269.43668087326193,269.4968691840408,269.62137804706805,145.05560140856335,144.42845114450267,144.6358876627789
0.9822916666666667,-127.84490603852781,202.2325394193526,-74.67047609329941,0.0,0.0,234.7594513539338,-379.0092347159895,142.83556979968262,433.0,-1.0,0.02,0.06,0.01,0.06,0.0,0.0,0.0,0.0,60.0,269.4750684200674,269.4968691840408,269.5978486561049,145.0866206788207,144.42845114450267,144.59882433823591
0.9828125,-88.24692629208114,202.2325394193526,-116.53119753954304,0.8,-1.6,156.97770542341357,-374.7665940288702,217.78888860545666,376.0,-1.0,0.02,0.06,0.01,0.06,0.0,0.0,0.0,0.0,60.0,269.50069573194054,269.4968691840408,269.5620290396999,145.1498794350171,144.49010346733093,144.59882433823591
0.9833333333333333,-39.59797974644666,192.33304448274095,-151.32085117392117,0.8,0.8,72.12489168102785,-356.38181771802,284.2569260369921,304.0,-1.0,0.02,0.06,0.0,0.06,0.0,0.0,0.0,0.0,60.0,269.51240695003264,269.4968691840408,269.5620290396999,145.1686174763678,144.60684631095447,144.59882433823591
0.9838541666666667,-5.656854249492381,181.01933598375618,-173.9482681718907,0.0,0.8,11.313708498984761,-336.58282784479667,323.85490578343877,247.0,-1.0,0.02,0.05,0.0,0.05,0.0,0.0,0.0,0.0,60.0,269.51240695003264,269.4968691840408,269.5088124718745,145.1708217928107,144.66194212715382,144.59882433823591
0.984375,16.970562748477143,166.87720036002523,-186.67619023324855,0.0,-2.4,-33.941125496954285,-309.7127701597078,343.65389565666214,193.0,-1.0,0.02,0.05,0.01,0.05,0.0,0.0,0.0,0.0,60.0,269.50081168708937,269.5475375513566,269.5088124718745,145.16200432620101,144.66194212715382,144.6556514623608
0.9848958333333333,47.517575695736,142.83556979968262,-193.74725804511402,0.0,-2.4,-96.16652224137047,-263.0437226013957,359.21024484276614,118.0,-1.0,0.02,0.05,0.0,0.05,0.0,0.0,0.0,0.0,60.0,269.4849253668932,269.5905460137651,269.5088124718745,145.13830473035023,144.70535580965895,144.71461570967875
0.9854166666666667,90.50966799187809,108.6116015902537,-200.8183258569795,0.0,-0.8,-171.11984104714452,-200.8183258569795,371.93816690412405,21.0,-1.0,0.01,0.05,0.0,0.05,0.0,0.0,0.0,0.0,60.0,269.45674513732257,269.6233483954978,269.5088124718745,145.16021321284975,144.67867845677884,144.7757144689675
0.9859375,130.10764773832474,67.88225099390857,-200.8183258569795,0.0,-1.6,-246.07315985291856,-124.45079348883237,370.52395334175094,-85.0,-1.0,0.01,0.05,0.0,0.05,0.0,0.0,0.0,0.0,60.0,269.3755510435199,269.64363055707435,269.5088124718745,145.16021321284975,144.66195076798874,144.7757144689675
0.9864583333333333,161.22034611053286,24.890158697766477,-188.09040379562165,0.0,-0.8,-305.47012947258855,-46.66904755831214,350.7249634685276,-182.0,-1.0,0.01,0.05,0.0,0.04,0.0,0.0,0.0,0.0,60.0,269.3755510435199,269.6511635428262,269.5662024438524,145.01094786256658,144.66195076798874,144.7757144689675
0.9869791666666666,182.43354954612929,-12.445079348883239,-171.11984104714452,0.0,-0.8,-343.65389565666214,24.041630560342618,319.6122650963195,-258.0,-1.0,0.01,0.05,0.0,0.04,0.0,0.0,0.0,0.0,60.0,269.3755510435199,269.6511635428262,269.61848044969025,144.95512236551008,144.66195076798874,144.7757144689675
0.9875,193.74725804511402,-44.12346314604057,-149.9066376115481,0.0,0.0,-364.86709909225857,86.2670273047588,278.60007178749976,-320.0,-1.0,0.0,0.05,0.0,0.03,0.0,0.0,0.0,0.0,60.0,269.3155676896529,269.62242117450097,269.66402707814035,144.83607112870746,144.65102834062398,144.7757144689675
0.9880208333333333,205.0609665440988,-83.72144289248723,-119.92531008923847,0.0,0.8,-380.42344827836257,161.22034611053286,219.20310216782974,-383.0,-1.0,0.0,0.04,0.0,0.03,0.0,0.0,0.0,0.0,60.0,269.3155676896529,269.59587812130957,269.69983314789056,144.83607112870746,144.6304255680664,144.80486007037194
0.9885416666666667,206.4751801064719,-124.45079348883237,-81.45870119269028,0.0,-0.0,-383.2518754031088,236.17366491630688,145.6639969244288,-436.0,-1.0,0.0,0.04,0.0,0.03,0.0,0.0,0.0,0.0,60.0,269.3783352461738,269.5570440556136,269.7235853610136,144.83607112870746,144.5998616873474,144.84407996186795
0.9890625,195.16147160748713,-155.56349186104046,-41.860721446243616,0.8,-1.6,-364.86709909225857,287.08535316173834,76.36753236814714,-461.0,-1.0,0.0,0.04,0.0,0.03,0.0,0.0,0.0,0.0,60.0,269.43807266234666,269.5098560349881,269.73598202687015,144.89539330151254,144.5998616873474,144.85415941559978
0.9895833333333334,178.19090885901,-172.5340546095176,-3.394112549695428,0.8,0.8,-330.92597359530424,323.85490578343877,5.656854249492381,-464.0,-1.0,0.0,0.03,0.0,0.02,0.0,0.0,0.0,0.0,60.0,269.43807266234666,269.4566291632106,269.7367930038466,144.89539330151254,144.5998616873474,144.85415941559978
0.9901041666666667,155.56349186104046,-192.33304448274095,35.07249634685276,0.0,-0.8,-289.9137802864845,357.7960312803931,-67.88225099390857,-458.0,-1.0,0.0,0.03,0.0,0.02,0.0,0.0,0.0,0.0,60.0,269.48550517606697,269.4566291632106,269.72555496281774,144.89539330151254,144.65841662343743,144.85415941559978
0.990625,127.84490603852781,-200.8183258569795,72.40773439350248,0.8,-0.8,-237.58787847867998,377.5950211536164,-138.59292911256333,-435.0,-1.0,0.0,0.03,0.0,0.02,0.0,0.0,0.0,0.0,60.0,269.5243495493496,269.4566291632106,269.6796710914636,144.8953933015125,144.53479684837143,144.83634730274028
0.9911458333333333,92.77240969167504,-203.6467529817257,108.6116015902537,0.8,-1.6,-172.5340546095176,380.42344827836257,-206.4751801064719,-391.0,-1.0,0.0,0.04,0.0,0.02,0.0,0.0,0.0,0.0,60.0,269.552522711252,269.4566291632106,269.6115260889267,144.8953933015125,144.53479684837143,144.80969408157728
0.9916666666666667,54.30580079512685,-197.9898987322333,142.83556979968262,0.8,-0.8,-101.82337649086286,369.10973977937783,-267.28636328851496,-333.0,-1.0,0.0,0.03,0.0,0.02,0.0,0.0,0.0,0.0,60.0,269.5691006031663,269.51704491553033,269.6115260889267,144.8953933015125,144.5951071094731,144.85306348158466
0.9921875,16.970562748477143,-185.26197667087547,166.87720036002523,0.0,-0.8,-29.698484809834998,345.0681092190352,-313.95541084682714,-265.0,-1.0,0.0,0.03,0.0,0.02,0.0,0.0,0.0,0.0,60.0,269.57385351699077,269.57350574565004,269.55994231339344,144.90312280968965,144.5951071094731,144.85306348158466
0.9927083333333333,-23.758787847868,-164.04877323527904,186.67619023324855,0.0,-0.8,43.84062043356595,308.29855659733477,-350.7249634685276,-187.0,-1.0,0.0,0.03,0.0,0.02,0.0,0.0,0.0,0.0,60.0,269.56655022461524,269.62392790700164,269.5023190994838,144.90312280968965,144.54474220807896,144.7958821928303
0.9932291666666667,-62.22539674441619,-139.15861453751256,200.8183258569795,0.0,0.0,115.9655121145938,258.80108191427644,-374.7665940288702,-101.0,-1.0,0.0,0.04,0.0,0.03,0.0,0.0,0.0,0.0,60.0,269.5280597637285,269.66622888303976,269.5023190994838,144.90312280968965,144.6122487896513,144.7958821928303
0.99375,-100.69200564096438,-106.34885989045677,206.4751801064719,0.8,-0.8,186.67619023324855,197.9898987322333,-383.2518754031088,-8.0,-1.0,0.0,0.04,0.0,0.03,0.0,0.0,0.0,0.0,60.0,269.4973330109224,269.69855857975955,269.5023190994838,144.90312280968965,144.63810874040078,144.79588219283033
0.9942708333333333,-134.63313113791867,-67.88225099390857,200.8183258569795,0.0,-0.8,250.31580054003783,127.27922061357856,-376.1808075912433,86.0,-1.0,0.0,0.04,0.0,0.03,0.0,0.0,0.0,0.0,60.0,269.45616526626367,269.73980518269826,269.5023190994838,144.87013149714468,144.63810874040078,144.79588219283033
0.9947916666666666,-161.22034611053286,-29.41564209736038,189.50461735799476,0.8,-0.8,302.64170234784234,52.32590180780452,-354.9676041556469,176.0,-1.0,0.0,0.04,0.0,0.04,0.0,0.0,0.0,0.0,60.0,269.45616526626367,269.74826227429156,269.5604060317464,144.82072538141767,144.65843390552797,144.79588219283033
0.9953125,-183.84776310850236,11.313708498984761,172.5340546095176,0.0,0.0,343.65389565666214,-22.627416997969522,-321.0264786586926,258.0,-2.0,0.0,0.04,0.0,0.04,0.0,0.0,0.0,0.0,60.0,269.45616526626367,269.74443923832797,269.6129169754298,144.82072538141767,144.65843390552797,144.79588219283033
0.9958333333333333,-199.40411229460642,49.780317395532954,148.49242404917499,0.8,-0.8,370.52395334175094,-94.75230867899738,-275.77164466275354,328.0,-1.0,0.0,0.05,0.0,0.04,0.0,0.0,0.0,0.0,60.0,269.45616526626367,269.72879898149546,269.6580009938515,144.8207253814177,144.646128534434,144.79588219283033
0.9963541666666667,-206.4751801064719,87.11555544218267,118.79393923933999,0.8,-0.8,381.8376618407357,-164.04877323527904,-217.78888860545666,386.0,-1.0,0.01,0.05,0.01,0.04,0.0,0.0,0.0,0.0,60.0,269.45616526626367,269.7018029231544,269.69357611926915,144.8207253814177,144.60298233439033,144.82474753991463
0.996875,-206.4751801064719,123.3194226389339,82.59007204258876,0.0,0.0,380.42344827836257,-230.5168106668145,-149.9066376115481,432.0,-1.0,0.01,0.05,0.01,0.05,0.0,0.0,0.0,0.0,60.0,269.45616526626367,269.66391119317393,269.74223807183034,144.8207253814177,144.57268932962407,144.88397944562402
0.9973958333333334,-196.57568516986024,154.14927829866738,41.860721446243616,0.0,-0.8,364.86709909225857,-287.08535316173834,-77.78174593052023,460.0,-1.0,0.02,0.05,0.01,0.05,0.0,0.0,0.0,0.0,60.0,269.5158854316383,269.66391119317393,269.75486557243045,144.8207253814177,144.6195871934366,144.89405612377618
0.9979166666666667,-181.01933598375618,178.19090885901,2.2627416997969525,0.0,-0.8,333.75440072005046,-329.5117600329312,-4.242640687119286,469.0,-1.0,0.02,0.06,0.0,0.05,0.0,0.0,0.0,0.0,60.0,269.5704917085696,269.663911193174,269.75544480139786,144.8207253814177,144.67381414755056,144.8946082502727
0.9984375,-156.97770542341357,195.16147160748713,-36.20386719675124,0.0,0.8,291.3279938488576,-360.62445840513925,69.29646455628166,461.0,-1.0,0.02,0.06,0.01,0.05,0.0,0.0,0.0,0.0,60.0,269.5704917085696,269.6046874592502,269.7439758363475,144.77259754525372,144.67381414755056,144.8763869648881
0.9989583333333333,-127.84490603852781,202.2325394193526,-73.53910524340095,1.6,0.8,236.17366491630688,-377.5950211536164,141.4213562373095,434.0,-1.0,0.03,0.05,0.02,0.05,0.0,0.0,0.0,0.0,60.0,269.60909202028034,269.5426682364037,269.7206888616445,144.77259754525372,144.6738141475506,144.8583014535239
0.9994791666666667,-88.24692629208114,202.2325394193526,-113.13708498984761,0.8,0.8,159.80613254815975,-376.1808075912433,216.37467504308356,378.0,-1.0,0.02,0.05,0.01,0.06,0.0,0.0,0.0,0.0,60.0,269.66101405282893,269.60422381706115,269.6851173127653,144.77259754525372,144.6738141475506,144.77419486911333
1.0,-41.860721446243616,190.91883092036784,-151.32085117392117,0.8,-1.6,73.53910524340095,-357.7960312803931,282.842712474619,306.0,-1.0,0.02,0.06,0.02,0.06,0.0,0.0,0.0,0.0,60.0,269.67295007100734,269.662752340771,269.6386470816081,144.79248944610353,144.6152654459411,144.77419486911333
1.0005208333333333,-6.788225099390856,181.01933598375618,-175.3624817342638,0.0,-0.8,12.727922061357857,-337.9970414071697,323.85490578343877,248.0,-1.0,0.01,0.06,0.01,0.05,0.0,0.0,0.0,0.0,60.0,269.6749200426321,269.7180240547524,269.6386470816081,144.79400885395776,144.6152654459411,144.82750084151834
1.0010416666666666,18.10193359837562,166.87720036002523,-185.26197667087547,0.8,0.0,-33.941125496954285,-309.7127701597078,343.65389565666214,195.0,-1.0,0.02,0.06,0.01,0.06,0.0,0.0,0.0,0.0,60.0,269.6749200426321,269.7180240547524,269.6386470816081,144.798290735768,144.6152654459411,144.77074117376065
1.0015625,49.780317395532954,142.83556979968262,-192.33304448274095,0.8,0.0,-94.75230867899738,-264.4579361637688,359.21024484276614,120.0,-1.0,0.01,0.05,0.01,0.05,0.0,0.0,0.0,0.0,60.0,269.6592757536814,269.7612370226679,269.6386470816081,144.82204597367073,144.6152654459411,144.7117997953173
1.0020833333333334,88.24692629208114,110.87434329005066,-200.8183258569795,0.0,-1.6,-169.7056274847714,-202.2325394193526,371.93816690412405,23.0,-1.0,0.01,0.05,0.0,0.05,0.0,0.0,0.0,0.0,60.0,269.63134554424494,269.79425030937927,269.6386470816081,144.7783996319893,144.6689151130954,144.7117997953173
1.0026041666666667,130.10764773832474,70.14499269370552,-200.8183258569795,0.8,0.0,-244.65894629054546,-127.27922061357856,370.52395334175094,-83.0,-1.0,0.01,0.06,0.01,0.04,0.0,0.0,0.0,0.0,60.0,269.5911255957807,269.83548228503975,269.6386470816081,144.7783996319893,144.70264337599366,144.71179979531732
1.003125,161.22034611053286,26.021529547664947,-189.50461735799476,0.0,-1.6,-302.64170234784234,-48.083261120685236,350.7249634685276,-179.0,-1.0,0.01,0.05,0.0,0.04,0.0,0.0,0.0,0.0,60.0,269.49141915838436,269.84324153107855,269.6386470816081,144.7783996319893,144.70886289374263,144.76944601676144
1.0036458333333333,183.84776310850236,-11.313708498984761,-172.5340546095176,0.0,-0.8,-342.23968209428904,22.627416997969522,319.6122650963195,-257.0,-1.0,0.01,0.04,0.0,0.04,0.0,0.0,0.0,0.0,60.0,269.43517309364046,269.8394198407638,269.6386470816081,144.83429324576414,144.70596048539258,144.8218906105013
1.0041666666666667,195.16147160748713,-45.254833995939045,-149.9066376115481,0.8,-0.8,-366.2813126546316,84.8528137423857,280.01428534987286,-319.0,-1.0,0.0,0.04,0.0,0.04,0.0,0.0,0.0,0.0,60.0,269.49512982612504,269.82540651317476,269.6844220565956,144.89361614646796,144.71687876678382,144.82189061050127
1.0046875,203.6467529817257,-82.59007204258876,-119.92531008923847,0.0,0.8,-380.42344827836257,158.39191898578665,220.61731573020285,-381.0,-1.0,0.0,0.04,0.0,0.03,0.0,0.0,0.0,0.0,60.0,269.49512982612504,269.7730527684335,269.72045714035113,144.8312725208199,144.69656181126075,144.82189061050127
1.0052083333333333,206.4751801064719,-124.45079348883237,-79.19595949289332,0.0,1.6,-383.2518754031088,234.7594513539338,148.49242404917499,-435.0,-1.0,0.0,0.04,0.0,0.03,0.0,0.0,0.0,0.0,60.0,269.49512982612504,269.73447592030203,269.76865088441986,144.8312725208199,144.69656181126075,144.78266470817562
1.0057291666666666,195.16147160748713,-155.56349186104046,-41.860721446243616,0.0,-0.8,-364.86709909225857,287.08535316173834,77.78174593052023,-460.0,-1.0,0.0,0.04,0.0,0.03,0.0,0.0,0.0,0.0,60.0,269.49512982612504,269.7344759203021,269.7812771487302,144.8312725208199,144.69656181126075,144.7826647081756
1.00625,178.19090885901,-172.5340546095176,-5.656854249492381,0.0,0.0,-332.34018715767735,323.85490578343877,8.485281374238571,-464.0,-1.0,0.0,0.03,0.0,0.02,0.0,0.0,0.0,0.0,60.0,269.54950843954435,269.7344759203021,269.7835938303143,144.8312725208199,144.69656181126072,144.78487490066078
1.0067708333333334,156.97770542341357,-190.91883092036784,33.941125496954285,0.8,-0.0,-291.3279938488576,356.38181771802,-66.46803743153548,-458.0,-1.0,0.0,0.03,0.0,0.03,0.0,0.0,0.0,0.0,60.0,269.59715317488053,269.6759629629604,269.7725894156039,144.87894947161925,144.63802231778473,144.7764483609126
1.0072916666666667,128.97627688842627,-200.8183258569795,72.40773439350248,0.8,0.0,-240.41630560342617,377.5950211536164,-137.17871555019022,-436.0,-1.0,0.0,0.03,0.0,0.02,0.0,0.0,0.0,0.0,60.0,269.67549944331245,269.6759629629604,269.75,144.91028258891777,144.63802231778476,144.7764483609126
1.0078125,95.035151391472,-203.6467529817257,109.74297244015217,0.8,0.8,-173.9482681718907,380.42344827836257,-205.0609665440988,-392.0,-1.0,0.0,0.03,0.0,0.02,0.0,0.0,0.0,0.0,60.0,269.7038885518709,269.67596296296045,269.71628612302965,144.95609680175582,144.63802231778476,144.80310770145783
1.0083333333333333,57.69991334482228,-196.57568516986024,144.2497833620557,0.8,3.2,-103.23759005323595,369.10973977937783,-264.4579361637688,-335.0,-1.0,0.0,0.02,0.0,0.02,0.0,0.0,0.0,0.0,60.0,269.7206888616444,269.6759629629604,269.6291434544864,144.99706893589266,144.57772995866273,144.84691056422295
1.0088541666666666,19.233304448274094,-183.84776310850236,166.87720036002523,0.0,0.8,-32.526911934581186,345.0681092190352,-312.54119728445403,-267.0,-1.0,0.0,0.03,0.0,0.02,0.0,0.0,0.0,0.0,60.0,269.73088440147154,269.6759629629604,269.5777948941641,145.00589643183483,144.52130465782545,144.84691056422295
1.009375,-22.627416997969522,-165.46298679765212,186.67619023324855,0.0,-0.8,42.42640687119285,308.29855659733477,-350.7249634685276,-189.0,-1.0,0.0,0.03,0.0,0.02,0.0,0.0,0.0,0.0,60.0,269.72381707961944,269.6759629629604,269.5777948941641,145.00024137910947,144.57167772423477,144.84691056422295
1.0098958333333334,-62.22539674441619,-139.15861453751256,200.8183258569795,0.0,0.0,114.5512985522207,260.2152954766495,-374.7665940288702,-103.0,-1.0,0.0,0.03,0.0,0.03,0.0,0.0,0.0,0.0,60.0,269.7049313601811,269.7184875013205,269.5777948941641,145.00024137910947,144.57167772423477,144.84691056422295
1.0104166666666667,-99.56063479106591,-108.6116015902537,206.4751801064719,0.0,-1.6,185.26197667087547,199.40411229460642,-383.2518754031088,-11.0,-1.0,0.0,0.04,0.0,0.03,0.0,0.0,0.0,0.0,60.0,269.6744565211915,269.75104263005176,269.5777948941641,144.9758255710241,144.62423724950116,144.84691056422295
1.0109375,-134.63313113791867,-69.01362184380704,200.8183258569795,0.0,-1.6,248.90158697766475,128.69343417595167,-376.1808075912433,84.0,-1.0,0.0,0.04,0.0,0.03,0.0,0.0,0.0,0.0,60.0,269.63354761601903,269.77201022344775,269.5777948941641,144.9758255710241,144.6409692998495,144.84691056422295
1.0114583333333333,-162.63455967290594,-28.284271247461902,192.33304448274095,0.8,0.8,301.2274887854693,55.15432893255071,-354.9676041556469,174.0,-1.0,0.0,0.04,0.0,0.04,0.0,0.0,0.0,0.0,60.0,269.5840546100603,269.7896171093321,269.57779489416413,145.02517884836413,144.6339171840409,144.96336606191235
1.0119791666666667,-183.84776310850236,10.182337649086286,172.5340546095176,0.0,-0.8,342.23968209428904,-19.79898987322333,-321.0264786586926,256.0,-1.0,0.0,0.04,0.0,0.04,0.0,0.0,0.0,0.0,60.0,269.5278278768261,269.78266716006794,269.5777948941641,145.02517884836413,144.6312898372963,144.96336606191235
1.0125,-200.8183258569795,48.64894654563447,148.49242404917499,0.0,-2.4,369.10973977937783,-91.92388155425118,-277.18585822512665,326.0,-1.0,0.0,0.05,0.0,0.04,0.0,0.0,0.0,0.0,60.0,269.4671826030027,269.7520852560736,269.62311659054757,145.08614682318915,144.6192587451616,144.96336606191235
1.0130208333333333,-206.4751801064719,85.98418459228418,118.79393923933999,0.0,-0.8,381.8376618407357,-162.63455967290594,-219.20310216782974,385.0,-1.0,0.01,0.05,0.0,0.05,0.0,0.0,0.0,0.0,60.0,269.4671826030027,269.72532324570494,269.65892809250727,145.08614682318915,144.5980981894299,144.96336606191235
1.0135416666666666,-206.4751801064719,123.3194226389339,80.3273303427918,0.0,-1.6,380.42344827836257,-229.1025971044414,-151.32085117392117,431.0,-1.0,0.01,0.05,0.0,0.05,0.0,0.0,0.0,0.0,60.0,269.4671826030027,269.6876665700529,269.68361092213223,145.08614682318915,144.5980981894299,144.92362643820366
1.0140625,-197.9898987322333,154.14927829866738,41.860721446243616,0.0,-1.6,364.86709909225857,-285.67113959936523,-79.19595949289332,459.0,-1.0,0.02,0.05,0.0,0.05,0.0,0.0,0.0,0.0,60.0,269.4671826030027,269.64073319882516,269.69647290982505,145.14622799094712,144.5980981894299,144.92362643820366
1.0145833333333334,-181.01933598375618,175.3624817342638,3.394112549695428,0.0,-1.6,335.16861428242356,-328.0975464705581,-5.656854249492381,468.0,-1.0,0.02,0.05,0.01,0.06,0.0,0.0,0.0,0.0,60.0,269.5220306394266,269.58683665935916,269.69728400560507,145.14622799094712,144.4899996539553,144.924316455176
1.0151041666666667,-158.39191898578665,195.16147160748713,-36.20386719675124,0.8,-0.0,292.7422074112307,-360.62445840513925,67.88225099390857,462.0,-1.0,0.02,0.05,0.01,0.05,0.0,0.0,0.0,0.0,60.0,269.5699120821907,269.5868366593592,269.68604431820347,145.19423197909757,144.4899996539553,144.924316455176
1.015625,-128.97627688842627,202.2325394193526,-73.53910524340095,0.0,0.0,237.58787847867998,-377.5950211536164,140.00714267493643,435.0,-1.0,0.02,0.06,0.01,0.06,0.0,0.0,0.0,0.0,60.0,269.6087442943941,269.5868366593592,269.66298411165,145.22549707265597,144.4899996539553,144.924316455176
1.0161458333333333,-90.50966799187809,202.2325394193526,-112.00571413994913,0.8,0.0,161.22034611053286,-376.1808075912433,213.54624791833737,379.0,-1.0,0.03,0.06,0.01,0.06,0.0,0.0,0.0,0.0,60.0,269.6350542863446,269.58683665935916,269.59251658753436,145.26900908314892,144.4899996539553,144.89685124253046
1.0166666666666666,-41.860721446243616,192.33304448274095,-149.9066376115481,0.8,0.8,76.36753236814714,-357.7960312803931,280.01428534987286,308.0,-1.0,0.02,0.06,0.01,0.06,0.0,0.0,0.0,0.0,60.0,269.65962341440735,269.58683665935916,269.5002319108464,145.26900908314892,144.54859909386877,144.85090610693467
1.0171875,-6.788225099390856,181.01933598375618,-173.9482681718907,0.0,0.0,14.142135623730951,-337.9970414071697,322.4406922210657,250.0,-1.0,0.01,0.05,0.01,0.06,0.0,0.0,0.0,0.0,60.0,269.661825255263,269.58683665935916,269.44723509436875,145.26900908314892,144.54859909386877,144.7976087509735
1.0177083333333334,16.970562748477143,168.29141392239833,-185.26197667087547,0.0,-0.0,-32.526911934581186,-311.1269837220809,342.23968209428904,196.0,-1.0,0.02,0.06,0.0,0.05,0.0,0.0,0.0,0.0,60.0,269.6563785635341,269.6377199132199,269.39097980444706,145.26474107642227,144.59982710916358,144.7976087509735
1.0182291666666667,47.517575695736,144.2497833620557,-190.91883092036784,0.0,0.8,-93.33809511662427,-265.8721497261419,357.7960312803931,122.0,-1.0,0.02,0.05,0.01,0.05,0.0,0.0,0.0,0.0,60.0,269.64096498863074,269.6811775041039,269.33216016658685,145.24105824456115,144.6436915319849,144.73911012577076
1.01875,84.8528137423857,112.00571413994913,-199.40411229460642,0.0,-1.6,-166.87720036002523,-205.0609665440988,370.52395334175094,26.0,-1.0,0.02,0.06,0.01,0.05,0.0,0.0,0.0,0.0,60.0,269.58579339423653,269.7479147278066,269.2712387166517,145.1778392179743,144.6709283166456,144.67799590815463
1.0192708333333333,127.84490603852781,70.14499269370552,-199.40411229460642,0.0,-0.8,-243.24473272817235,-128.69343417595167,370.52395334175094,-81.0,-1.0,0.0,0.05,0.0,0.05,0.0,0.0,0.0,0.0,60.0,269.54579852039984,269.7688825643165,269.2712387166517,145.11500611583904,144.67092831664556,144.6168558640382
1.0197916666666667,161.22034611053286,27.152900397563425,-190.91883092036784,0.8,-1.6,-302.64170234784234,-49.49747468305833,352.13917703090067,-177.0,-1.0,0.01,0.05,0.0,0.04,0.0,0.0,0.0,0.0,60.0,269.54579852039984,269.77687539891184,269.3289113704654,145.11500611583904,144.67742567518957,144.67497191981758
1.0203125,181.01933598375618,-10.182337649086286,-173.9482681718907,0.0,-2.4,-340.82546853191593,19.79898987322333,321.0264786586926,-255.0,-1.0,0.0,0.05,0.0,0.04,0.0,0.0,0.0,0.0,60.0,269.4897957251814,269.7699251213893,269.38146743976284,145.00384477661274,144.6747991185749,144.7278825935072
1.0208333333333333,192.33304448274095,-44.12346314604057,-152.73506473629428,0.0,-3.2,-364.86709909225857,83.43860018001261,281.4284989122459,-317.0,-1.0,0.0,0.05,0.0,0.04,0.0,0.0,0.0,0.0,60.0,269.4298378056892,269.75613987451703,269.4275180823221,144.885696326449,144.66387766128764,144.82026791854793
1.0213541666666666,203.6467529817257,-81.45870119269028,-121.05668093913694,0.0,0.8,-380.42344827836257,156.97770542341357,222.03152929257593,-380.0,-1.0,0.0,0.04,0.0,0.03,0.0,0.0,0.0,0.0,60.0,269.4298378056892,269.7303051197622,269.463819463764,144.88569632644902,144.64382980272612,144.84968070382482
1.021875,206.4751801064719,-122.18805178903543,-82.59007204258876,0.8,0.8,-383.2518754031088,233.3452377915607,149.9066376115481,-434.0,-1.0,0.0,0.04,0.0,0.03,0.0,0.0,0.0,0.0,60.0,269.4298378056892,269.6919539029669,269.4882882427361,144.88569632644902,144.58353121984538,144.9089024180364
1.0223958333333334,195.16147160748713,-152.73506473629428,-41.860721446243616,0.8,0.8,-366.2813126546316,285.67113959936523,79.19595949289332,-460.0,-1.0,0.0,0.03,0.0,0.03,0.0,0.0,0.0,0.0,60.0,269.4897957251814,269.6450212779758,269.50115955223646,144.88569632644902,144.48926430707579,144.9089024180364
1.0229166666666667,178.19090885901,-172.5340546095176,-6.788225099390856,1.6,-0.0,-332.34018715767735,322.4406922210657,9.899494936611665,-463.0,-1.0,0.0,0.03,0.0,0.03,0.0,0.0,0.0,0.0,60.0,269.4897957251814,269.59205292441396,269.50266696268517,144.88569632644902,144.48926430707579,144.9104206052829
1.0234375,156.97770542341357,-189.50461735799476,32.809754647055804,0.8,0.0,-292.7422074112307,354.9676041556469,-63.63961030678928,-458.0,-1.0,0.0,0.03,0.0,0.02,0.0,0.0,0.0,0.0,60.0,269.53768289424767,269.5337409305188,269.48133052217185,144.88569632644902,144.43107352644031,144.902277414815
1.0239583333333333,130.10764773832474,-200.8183258569795,71.27636354360399,0.8,0.8,-241.83051916579927,377.5950211536164,-135.76450198781714,-437.0,-1.0,0.0,0.04,0.0,0.02,0.0,0.0,0.0,0.0,60.0,269.577215283488,269.5337409305188,269.4589486359657,144.9173040047323,144.4310735264403,144.88474729936203
1.0244791666666666,93.90378054157352,-205.0609665440988,107.48023074035522,0.0,-2.4,-176.7766952966369,380.42344827836257,-203.6467529817257,-394.0,-1.0,0.0,0.03,0.0,0.02,0.0,0.0,0.0,0.0,60.0,269.6347065939398,269.5337409305188,269.42543031421513,144.89425454447806,144.49358982321672,144.83172994893073
1.025,57.69991334482228,-197.9898987322333,140.28998538741104,0.0,0.0,-104.65180361560904,369.10973977937783,-264.4579361637688,-336.0,-1.0,0.0,0.04,0.0,0.02,0.0,0.0,0.0,0.0,60.0,269.6517429945522,269.5337409305188,269.42543031421513,144.89425454447806,144.55391727656502,144.71012404113264
1.0255208333333334,19.233304448274094,-185.26197667087547,165.46298679765212,0.0,-0.8,-33.941125496954285,346.4823227814083,-312.54119728445403,-269.0,-1.0,0.0,0.03,0.0,0.02,0.0,0.0,0.0,0.0,60.0,269.657189779913,269.59043009721245,269.42543031421513,144.89425454447806,144.6103298523311,144.65936713535007
1.0260416666666667,-21.496046148071045,-166.87720036002523,186.67619023324855,0.0,-0.8,41.01219330881976,309.7127701597078,-349.3107499061545,-191.0,-1.0,0.0,0.03,0.0,0.02,0.0,0.0,0.0,0.0,60.0,269.650352308318,269.64108088345887,269.36801035015276,144.88887120824705,144.66110396371238,144.65936713535007
1.0265625,-61.09402589451771,-139.15861453751256,199.40411229460642,0.8,-0.8,113.13708498984761,261.6295090390226,-374.7665940288702,-105.0,-1.0,0.0,0.03,0.0,0.03,0.0,0.0,0.0,0.0,60.0,269.63169324098385,269.68384267508503,269.36801035015276,144.87382441283174,144.66110396371238,144.5982192144841
1.0270833333333333,-97.29789309126895,-108.6116015902537,206.4751801064719,0.0,-0.0,182.43354954612929,200.8183258569795,-383.2518754031088,-13.0,-1.0,0.0,0.03,0.0,0.03,0.0,0.0,0.0,0.0,60.0,269.57141910818365,269.71663371027006,269.36801035015276,144.8257746397374,144.66110396371238,144.59821921448412
1.0276041666666667,-131.23901858822322,-71.27636354360399,200.8183258569795,0.8,-0.8,247.48737341529164,130.10764773832474,-376.1808075912433,82.0,-2.0,0.0,0.04,0.0,0.03,0.0,0.0,0.0,0.0,60.0,269.5307264487669,269.737835684948,269.36801035015276,144.7283835327404,144.69538693406918,144.59821921448412
1.028125,-161.22034611053286,-30.547012947258857,190.91883092036784,0.8,0.0,299.8132752230962,56.568542494923804,-356.38181771802,172.0,-1.0,0.0,0.04,0.0,0.04,0.0,0.0,0.0,0.0,60.0,269.48144648565324,269.74698793499067,269.42635821314883,144.67892901179496,144.70976124643423,144.5396398916228
1.0286458333333333,-183.84776310850236,9.05096679918781,172.5340546095176,0.0,-1.6,340.82546853191593,-18.38477631085024,-322.4406922210657,254.0,-1.0,0.0,0.04,0.0,0.04,0.0,0.0,0.0,0.0,60.0,269.42543031421513,269.74385998572797,269.47912720654267,144.67892901179496,144.70741169684433,144.5396398916228
1.0291666666666666,-197.9898987322333,48.64894654563447,149.9066376115481,0.8,0.0,369.10973977937783,-90.50966799187809,-277.18585822512665,325.0,-1.0,0.0,0.04,0.0,0.04,0.0,0.0,0.0,0.0,60.0,269.42543031421513,269.7289148385838,269.47912720654267,144.5570562096503,144.70741169684433,144.58525166834966
1.0296875,-206.4751801064719,85.98418459228418,118.79393923933999,0.0,-1.6,381.8376618407357,-161.22034611053286,-220.61731573020285,384.0,-1.0,0.01,0.05,0.0,0.05,0.0,0.0,0.0,0.0,60.0,269.42543031421513,269.70238226608234,269.51518973890876,144.5570562096503,144.70741169684433,144.58525166834966
1.0302083333333334,-206.4751801064719,121.05668093913694,82.59007204258876,0.8,-2.4,380.42344827836257,-227.68838354206832,-152.73506473629428,430.0,-1.0,0.01,0.05,0.01,0.05,0.0,0.0,0.0,0.0,60.0,269.42543031421513,269.66495415607864,269.5401176077506,144.5570562096503,144.64769268813106,144.6250842696384
1.0307291666666667,-196.57568516986024,152.73506473629428,42.99209229614209,0.0,-0.8,364.86709909225857,-284.2569260369921,-80.61017305526643,458.0,-1.0,0.01,0.05,0.0,0.05,0.0,0.0,0.0,0.0,60.0,269.42543031421513,269.6182486405547,269.55321830762847,144.49673006680808,144.60080393967388,144.63545554254668
1.03125,-181.01933598375618,175.3624817342638,3.394112549695428,0.0,-1.6,335.16861428242356,-328.0975464705581,-8.485281374238571,469.0,-1.0,0.02,0.06,0.01,0.05,0.0,0.0,0.0,0.0,60.0,269.42543031421513,269.6182486405548,269.5555369492528,144.49673006680808,144.60080393967385,144.63545554254668
1.0317708333333333,-158.39191898578665,195.16147160748713,-35.07249634685276,0.0,0.8,294.1564209736038,-360.62445840513925,65.05382386916237,463.0,-1.0,0.02,0.07,0.01,0.06,0.0,0.0,0.0,0.0,60.0,269.47356085523495,269.6182486405548,269.5337409305188,144.49673006680808,144.60080393967388,144.62674372328237
1.0322916666666666,-130.10764773832474,203.6467529817257,-73.53910524340095,0.0,0.0,239.0020920410531,-377.5950211536164,138.59292911256333,436.0,-1.0,0.02,0.06,0.01,0.06,0.0,0.0,0.0,0.0,60.0,269.5126388502031,269.6182486405548,269.51089959406096,144.52842281018638,144.6628148488754,144.62674372328237
1.0328125,-91.64103884177656,203.6467529817257,-113.13708498984761,0.0,-0.8,162.63455967290594,-376.1808075912433,212.13203435596427,381.0,-1.0,0.02,0.06,0.01,0.06,0.0,0.0,0.0,0.0,60.0,269.5391901004379,269.6182486405547,269.47599614807996,144.5507004479743,144.72479918797606,144.65426022070693
1.0333333333333334,-42.99209229614209,192.33304448274095,-149.9066376115481,0.8,-0.0,77.78174593052023,-357.7960312803931,278.60007178749976,310.0,-1.0,0.02,0.06,0.01,0.06,0.0,0.0,0.0,0.0,60.0,269.55182711308044,269.6182486405547,269.4301857624717,144.56107705741542,144.72479918797606,144.65426022070693
1.0338541666666667,-10.182337649086286,179.60512242138307,-175.3624817342638,0.8,-4.0,15.556349186104047,-337.9970414071697,322.4406922210657,251.0,-1.0,0.02,0.05,0.01,0.06,0.0,0.0,0.0,0.0,60.0,269.55426169882753,269.6182486405548,269.4301857624717,144.5673026655751,144.66972731017364,144.70761037347
1.034375,15.839191898578665,168.29141392239833,-183.84776310850236,0.8,0.0,-31.112698372208094,-311.1269837220809,342.23968209428904,197.0,-1.0,0.02,0.06,0.01,0.05,0.0,0.0,0.0,0.0,60.0,269.5490447024437,269.6182486405548,269.4301857624717,144.5632906376996,144.66972731017364,144.65123573616646
1.0348958333333333,47.517575695736,145.6639969244288,-192.33304448274095,0.0,0.8,-91.92388155425118,-267.28636328851496,357.7960312803931,124.0,-1.0,0.01,0.06,0.0,0.05,0.0,0.0,0.0,0.0,60.0,269.5338568714513,269.6619411411258,269.4301857624717,144.5632906376996,144.71400243238384,144.70976988441382
1.0354166666666667,84.8528137423857,113.13708498984761,-200.8183258569795,0.8,-1.6,-165.46298679765212,-206.4751801064719,370.52395334175094,29.0,-1.0,0.02,0.05,0.0,0.05,0.0,0.0,0.0,0.0,60.0,269.5066093809204,269.6956618116057,269.4301857624717,144.5632906376996,144.7415023412428,144.77087068882332
1.0359375,126.71353518862932,71.27636354360399,-200.8183258569795,1.6,-1.6,-241.83051916579927,-130.10764773832474,370.52395334175094,-78.0,-1.0,0.01,0.05,0.0,0.04,0.0,0.0,0.0,0.0,60.0,269.46683469399346,269.71686543484816,269.4301857624717,144.53215905119526,144.75877348195513,144.8319457164061
1.0364583333333333,161.22034611053286,28.284271247461902,-190.91883092036784,0.8,-1.6,-301.2274887854693,-50.91168824543143,352.13917703090067,-176.0,-1.0,0.0,0.05,0.0,0.04,0.0,0.0,0.0,0.0,60.0,269.41731106222556,269.725091528393,269.4301857624717,144.53215905119524,144.7655432069386,144.8319457164061
1.0369791666666666,182.43354954612929,-9.05096679918781,-173.9482681718907,0.0,-0.8,-340.82546853191593,18.38477631085024,321.0264786586926,-253.0,-1.0,0.01,0.05,0.0,0.04,0.0,0.0,0.0,0.0,60.0,269.41731106222556,269.721963325199,269.4301857624717,144.58771559160897,144.76319456270645,144.8319457164061
1.0375,195.16147160748713,-40.72935059634514,-152.73506473629428,0.0,0.8,-364.86709909225857,82.02438661763952,281.4284989122459,-316.0,-1.0,0.0,0.04,0.0,0.03,0.0,0.0,0.0,0.0,60.0,269.41731106222556,269.7084073587622,269.4301857624717,144.70610733483227,144.73210597514293,144.8319457164061
1.0380208333333334,203.6467529817257,-80.3273303427918,-123.3194226389339,0.8,-0.0,-379.0092347159895,155.56349186104046,223.44574285494903,-378.0,-1.0,0.0,0.04,0.0,0.04,0.0,0.0,0.0,0.0,60.0,269.35501666016916,269.6827997852292,269.46671872422394,144.7061073348323,144.71234397935788,144.89158878278616
1.0385416666666667,206.4751801064719,-122.18805178903543,-83.72144289248723,0.0,-0.0,-383.2518754031088,231.9310242291876,151.32085117392117,-433.0,-1.0,0.0,0.04,0.0,0.03,0.0,0.0,0.0,0.0,60.0,269.35501666016916,269.64467359842286,269.49141915838436,144.7061073348323,144.71234397935788,144.91187839511295
1.0390625,195.16147160748713,-151.32085117392117,-45.254833995939045,0.0,-0.8,-366.2813126546316,284.2569260369921,80.61017305526643,-460.0,-1.0,0.0,0.04,0.0,0.02,0.0,0.0,0.0,0.0,60.0,269.35501666016916,269.59796456946776,269.5045222255093,144.7061073348323,144.66590821613778,144.94375633327573
1.0395833333333333,178.19090885901,-172.5340546095176,-9.05096679918781,0.0,-2.4,-333.75440072005046,322.4406922210657,11.313708498984761,-464.0,-1.0,0.0,0.04,0.0,0.02,0.0,0.0,0.0,0.0,60.0,269.40965554337504,269.5979645694678,269.5062615228077,144.7061073348323,144.66590821613778,144.94761984937873
1.0401041666666666,155.56349186104046,-190.91883092036784,31.67838379715733,0.0,-2.4,-294.1564209736038,354.9676041556469,-62.22539674441619,-459.0,-1.0,0.0,0.03,0.0,0.02,0.0,0.0,0.0,0.0,60.0,269.4577889020839,269.59796456946776,269.4959415278828,144.6583734182021,144.72400457422398,144.93975472588605
1.040625,130.10764773832474,-200.8183258569795,69.01362184380704,0.0,-1.6,-241.83051916579927,376.1808075912433,-134.35028842544403,-437.0,-1.0,0.0,0.02,0.0,0.03,0.0,0.0,0.0,0.0,60.0,269.4577889020839,269.5361756796293,269.47379278883506,144.6583734182021,144.72400457422398,144.90552957013065
1.0411458333333334,96.16652224137047,-202.2325394193526,106.34885989045677,0.8,-0.0,-178.19090885901,380.42344827836257,-202.2325394193526,-395.0,-1.0,0.0,0.03,0.0,0.02,0.0,0.0,0.0,0.0,60.0,269.4868967129942,269.53617567962937,269.4405082759458,144.70482023761338,144.5995764170836,144.87944126065645
1.0416666666666667,57.69991334482228,-199.40411229460642,141.4213562373095,0.8,0.0,-107.48023074035522,370.52395334175094,-263.0437226013957,-337.0,-1.0,0.0,0.03,0.0,0.02,0.0,0.0,0.0,0.0,60.0,269.52168280121737,269.5968054335956,269.39724386117985,144.70482023761338,144.66029171821825,144.91381059098543
1.0421875,20.36467529817257,-188.09040379562165,165.46298679765212,0.0,-1.6,-35.35533905932738,346.4823227814083,-311.1269837220809,-270.0,-1.0,0.0,0.03,0.0,0.02,0.0,0.0,0.0,0.0,60.0,269.52736410242284,269.5968054335956,269.34608313469124,144.70965759063907,144.77430711282992,144.91381059098543
1.0427083333333333,-19.233304448274094,-166.87720036002523,185.26197667087547,0.8,0.0,38.18376618407357,311.1269837220809,-349.3107499061545,-193.0,-1.0,0.0,0.03,0.0,0.02,0.0,0.0,0.0,0.0,60.0,269.51437809512134,269.6476868063214,269.34608313469124,144.69970628857547,144.77430711282992,144.85708474216926
1.0432291666666667,-58.83128419472076,-141.4213562373095,200.8183258569795,0.8,0.0,111.72287142747452,263.0437226013957,-373.3523804664971,-107.0,-1.0,0.0,0.04,0.0,0.03,0.0,0.0,0.0,0.0,60.0,269.4959415278828,269.69067929759825,269.28470064227565,144.67040125747909,144.84281135078814,144.91812343526948
1.04375,-96.16652224137047,-108.6116015902537,203.6467529817257,0.0,-0.8,181.01933598375618,202.2325394193526,-383.2518754031088,-15.0,-1.0,0.0,0.03,0.0,0.03,0.0,0.0,0.0,0.0,60.0,269.46613887462746,269.7237012203414,269.28470064227565,144.64675938298794,144.84281135078814,144.79299879483125
1.0442708333333333,-131.23901858822322,-70.14499269370552,202.2325394193526,0.8,0.8,246.07315985291856,131.52186130069785,-377.5950211536164,80.0,-1.0,0.0,0.04,0.0,0.03,0.0,0.0,0.0,0.0,60.0,269.4256622892482,269.74513433980604,269.3465472212332,144.64675938298794,144.82555023199464,144.8544959606018
1.0447916666666666,-161.22034611053286,-30.547012947258857,189.50461735799476,0.0,-0.8,298.3990616607231,57.9827560572969,-356.38181771802,169.0,-1.0,0.0,0.04,0.0,0.03,0.0,0.0,0.0,0.0,60.0,269.3765951228874,269.75451803445293,269.3465472212332,144.64675938298794,144.82555023199464,144.79645195929353
1.0453125,-183.84776310850236,10.182337649086286,172.5340546095176,0.8,0.0,340.82546853191593,-16.970562748477143,-323.85490578343877,252.0,-1.0,0.0,0.04,0.0,0.04,0.0,0.0,0.0,0.0,60.0,269.3765951228874,269.7516218672281,269.3995638452297,144.64675938298794,144.8278978650177,144.79645195929353
1.0458333333333334,-197.9898987322333,48.64894654563447,149.9066376115481,0.0,0.8,367.6955262170047,-89.095454429505,-278.60007178749976,323.0,-1.0,0.0,0.05,0.0,0.04,0.0,0.0,0.0,0.0,60.0,269.3161478634358,269.73690885750136,269.445147479037,144.64675938298794,144.8278978650177,144.79645195929353
1.0463541666666667,-206.4751801064719,87.11555544218267,119.92531008923847,0.0,0.0,381.8376618407357,-159.80613254815975,-222.03152929257593,382.0,-1.0,0.01,0.05,0.0,0.04,0.0,0.0,0.0,0.0,60.0,269.3161478634358,269.7106088013595,269.48144648565324,144.6467593829879,144.84902485001408,144.8255933873568
1.046875,-206.4751801064719,119.92531008923847,82.59007204258876,0.0,-3.2,381.8376618407357,-226.27416997969522,-154.14927829866738,429.0,-1.0,0.01,0.05,0.0,0.05,0.0,0.0,0.0,0.0,60.0,269.37868326948217,269.67341359503723,269.5066093809204,144.6467593829879,144.81961193153364,144.8255933873568
1.0473958333333333,-199.40411229460642,152.73506473629428,42.99209229614209,0.8,-2.4,366.2813126546316,-282.842712474619,-83.43860018001261,458.0,-1.0,0.02,0.05,0.01,0.05,0.0,0.0,0.0,0.0,60.0,269.43865257234347,269.626941346743,269.533509048504,144.76769321917095,144.81961193153364,144.82559338735678
1.0479166666666666,-182.43354954612929,175.3624817342638,3.394112549695428,0.0,-2.4,336.58282784479667,-326.683332908185,-9.899494936611665,468.0,-1.0,0.02,0.06,0.01,0.05,0.0,0.0,0.0,0.0,60.0,269.49373833170966,269.5732738978403,269.5350162780339,144.82315940484105,144.81961193153364,144.82559338735678
1.0484375,-159.80613254815975,195.16147160748713,-33.941125496954285,0.8,0.8,295.57063453597686,-359.21024484276614,63.63961030678928,463.0,-1.0,0.02,0.05,0.01,0.05,0.0,0.0,0.0,0.0,60.0,269.54208855019283,269.5142621458093,269.52446549432204,144.87170186064634,144.81961193153364,144.81716921691296
1.0489583333333334,-132.3703894381217,203.6467529817257,-72.40773439350248,0.0,-0.8,241.83051916579927,-377.5950211536164,135.76450198781714,437.0,-1.0,0.02,0.06,0.01,0.05,0.0,0.0,0.0,0.0,60.0,269.62091443358025,269.51426214580925,269.47947509968174,144.9357443835026,144.81961193153364,144.79935255380116
1.0494791666666667,-93.90378054157352,202.2325394193526,-110.87434329005066,0.0,-1.6,165.46298679765212,-376.1808075912433,210.7178207935912,383.0,-1.0,0.03,0.05,0.01,0.06,0.0,0.0,0.0,0.0,60.0,269.6746882820114,269.51426214580925,269.4447995415759,144.9809987550093,144.75766819066962,144.7446458422556
1.05,-44.12346314604057,195.16147160748713,-148.49242404917499,0.0,1.6,79.19595949289332,-359.21024484276614,278.60007178749976,311.0,-1.0,0.02,0.06,0.01,0.06,0.0,0.0,0.0,0.0,60.0,269.6875506952444,269.5730420498311,269.4447995415759,144.99162044752794,144.87592104970378,144.69908430947308
1.0505208333333333,-6.788225099390856,182.43354954612929,-172.5340546095176,0.0,2.4,16.970562748477143,-339.4112549695428,321.0264786586926,252.0,-1.0,0.02,0.06,0.01,0.05,0.0,0.0,0.0,0.0,60.0,269.69021580324346,269.6285639541924,269.3920238240175,144.98541305938335,144.9863183200401,144.59279027669396
1.0510416666666667,14.70782104868019,169.7056274847714,-183.84776310850236,1.6,0.0,-29.698484809834998,-312.54119728445403,342.23968209428904,199.0,-1.0,0.02,0.06,0.01,0.05,0.0,0.0,0.0,0.0,60.0,269.6852331886194,269.6796710914636,269.3920238240175,144.98168849892735,145.03782265326518,144.59279027669393
1.0515625,45.254833995939045,144.2497833620557,-189.50461735799476,1.6,0.0,-90.50966799187809,-268.70057685088807,357.7960312803931,126.0,-1.0,0.01,0.06,0.01,0.05,0.0,0.0,0.0,0.0,60.0,269.6702847923738,269.7235853610136,269.3920238240175,144.95906318681838,144.9936464125239,144.4760360751914
1.0520833333333333,85.98418459228418,112.00571413994913,-197.9898987322333,0.8,0.0,-164.04877323527904,-207.88939366884497,370.52395334175094,30.0,-1.0,0.01,0.05,0.01,0.05,0.0,0.0,0.0,0.0,60.0,269.6432828757283,269.75753001538254,269.3920238240175,144.9798951579149,144.96619433509318,144.35399197805373
1.0526041666666666,124.45079348883237,72.40773439350248,-200.8183258569795,0.0,-2.4,-240.41630560342617,-132.93607486307096,371.93816690412405,-75.0,-1.0,0.01,0.05,0.0,0.05,0.0,0.0,0.0,0.0,60.0,269.60376017407475,269.8006208295304,269.4529179652727,144.91863234242862,144.98371460270977,144.35399197805376
1.053125,159.80613254815975,29.41564209736038,-189.50461735799476,0.0,-0.8,-299.8132752230962,-53.74011537017761,352.13917703090067,-173.0,-1.0,0.01,0.05,0.0,0.04,0.0,0.0,0.0,0.0,60.0,269.55449356299,269.8177625731857,269.4529179652728,144.86967419028733,144.99074970493808,144.29574664556125
1.0536458333333334,182.43354954612929,-9.05096679918781,-175.3624817342638,0.8,-1.6,-340.82546853191593,16.970562748477143,322.4406922210657,-252.0,-1.0,0.01,0.04,0.0,0.04,0.0,0.0,0.0,0.0,60.0,269.55449356299,269.81486708482174,269.50568175828874,144.86967419028733,144.99074970493808,144.34922930171814
1.0541666666666667,193.74725804511402,-42.99209229614209,-151.32085117392117,0.8,-0.8,-363.45288552988546,80.61017305526643,282.842712474619,-315.0,-1.0,0.0,0.04,0.0,0.03,0.0,0.0,0.0,0.0,60.0,269.4947819531948,269.8015474381124,269.55194304623365,144.8103414815392,145.01116336337697,144.30267669035112
1.0546875,202.2325394193526,-80.3273303427918,-123.3194226389339,0.8,-0.8,-379.0092347159895,152.73506473629428,224.85995641732214,-376.0,-1.0,0.0,0.04,0.0,0.03,0.0,0.0,0.0,0.0,60.0,269.4947819531948,269.75104263005176,269.5886913429419,144.74839377347163,145.01116336337697,144.30267669035112
1.0552083333333333,205.0609665440988,-121.05668093913694,-83.72144289248723,1.6,0.0,-383.2518754031088,229.1025971044414,152.73506473629428,-432.0,-1.0,0.0,0.03,0.0,0.03,0.0,0.0,0.0,0.0,60.0,269.4947819531948,269.67549944331245,269.6136124159906,144.68555560248578,144.98150744146648,144.30267669035112
1.0557291666666666,196.57568516986024,-151.32085117392117,-45.254833995939045,0.8,0.0,-366.2813126546316,282.842712474619,83.43860018001261,-459.0,-1.0,0.0,0.04,0.0,0.02,0.0,0.0,0.0,0.0,60.0,269.4947819531948,269.6290275545272,269.6405014088203,144.74537125587128,144.98150744146648,144.30267669035112
1.05625,179.60512242138307,-171.11984104714452,-7.919595949289333,0.8,0.8,-333.75440072005046,321.0264786586926,12.727922061357857,-463.0,-1.0,0.0,0.03,0.0,0.03,0.0,0.0,0.0,0.0,60.0,269.4947819531948,269.576287903814,269.64247161751064,144.7999827348056,144.92912060728167,144.3005977118598
1.0567708333333334,158.39191898578665,-189.50461735799476,29.41564209736038,0.8,-0.8,-294.1564209736038,354.9676041556469,-60.81118318204309,-459.0,-1.0,0.0,0.02,0.0,0.02,0.0,0.0,0.0,0.0,60.0,269.4947819531948,269.576287903814,269.6323886331166,144.89577288520186,144.8711065050585,144.28562818243543
1.0572916666666667,130.10764773832474,-200.8183258569795,69.01362184380704,0.0,-1.6,-244.65894629054546,376.1808075912433,-132.93607486307096,-438.0,-1.0,0.0,0.04,0.0,0.02,0.0,0.0,0.0,0.0,60.0,269.57454905832634,269.576287903814,269.61048291934054,144.89577288520186,144.8711065050585,144.28562818243543
1.0578125,96.16652224137047,-205.0609665440988,106.34885989045677,0.0,-1.6,-179.60512242138307,380.42344827836257,-200.8183258569795,-396.0,-1.0,0.0,0.03,0.0,0.02,0.0,0.0,0.0,0.0,60.0,269.60387608489606,269.576287903814,269.57744712790793,144.89577288520186,144.99530164801894,144.28562818243543
1.0583333333333333,57.69991334482228,-200.8183258569795,140.28998538741104,0.0,-1.6,-108.89444430272833,370.52395334175094,-261.6295090390226,-339.0,-1.0,0.0,0.03,0.0,0.02,0.0,0.0,0.0,0.0,60.0,269.62160985351306,269.576287903814,269.534436575366,144.89577288520186,145.0562821804006,144.25110918117755
1.0588541666666667,20.36467529817257,-188.09040379562165,165.46298679765212,0.0,-1.6,-36.76955262170048,347.8965363437814,-309.7127701597078,-272.0,-1.0,0.0,0.03,0.0,0.02,0.0,0.0,0.0,0.0,60.0,269.62752085052443,269.63319992167135,269.4835338197865,144.89577288520186,145.0562821804006,144.25110918117755
1.059375,-20.36467529817257,-166.87720036002523,185.26197667087547,0.0,-1.6,36.76955262170048,311.1269837220809,-347.8965363437814,-195.0,-1.0,0.0,0.03,0.0,0.03,0.0,0.0,0.0,0.0,60.0,269.62137804706805,269.63319992167135,269.42635821314883,144.90060386347602,145.0562821804006,144.25110918117755
1.0598958333333333,-61.09402589451771,-142.83556979968262,200.8183258569795,0.0,-1.6,110.30865786510142,264.4579361637688,-373.3523804664971,-109.0,-1.0,0.0,0.03,0.0,0.02,0.0,0.0,0.0,0.0,60.0,269.60318061922044,269.67642648181175,269.4263582131489,144.92986234727474,145.09957787671198,144.25110918117753
1.0604166666666666,-96.16652224137047,-109.74297244015217,206.4751801064719,0.8,-0.0,179.60512242138307,203.6467529817257,-383.2518754031088,-17.0,-1.0,0.0,0.04,0.0,0.03,0.0,0.0,0.0,0.0,60.0,269.57362166948013,269.70968188035073,269.42635821314883,144.92986234727474,145.12617785913056,144.3767034531541
1.0609375,-131.23901858822322,-73.53910524340095,203.6467529817257,0.8,-0.8,244.65894629054546,132.93607486307096,-377.5950211536164,78.0,-1.0,0.0,0.04,0.0,0.04,0.0,0.0,0.0,0.0,60.0,269.53339310742183,269.73134782594326,269.4263582131489,144.92986234727474,145.17867439813605,144.43881057388975
1.0614583333333334,-161.22034611053286,-31.67838379715733,190.91883092036784,0.0,-0.8,296.98484809834997,60.81118318204309,-357.7960312803931,167.0,-1.0,0.0,0.04,0.0,0.04,0.0,0.0,0.0,0.0,60.0,269.48457748079016,269.75081093483294,269.4849253668932,144.92986234727474,145.18625107082283,144.49699823871777
1.0619791666666667,-182.43354954612929,5.656854249492381,173.9482681718907,0.8,-1.6,339.4112549695428,-15.556349186104047,-323.85490578343877,250.0,-1.0,0.0,0.04,0.0,0.04,0.0,0.0,0.0,0.0,60.0,269.4287939326456,269.74814642551297,269.4849253668932,144.87400560487032,145.17853663679077,144.54997405741727
1.0625,-199.40411229460642,45.254833995939045,149.9066376115481,0.8,-3.2,367.6955262170047,-87.6812408671319,-280.01428534987286,322.0,-1.0,0.0,0.05,0.0,0.04,0.0,0.0,0.0,0.0,60.0,269.4287939326456,269.73366493635905,269.53072644876687,144.93460594350822,145.14422999210132,144.54997405741727
1.0630208333333333,-206.4751801064719,83.72144289248723,122.18805178903543,0.0,-0.8,381.8376618407357,-156.97770542341357,-223.44574285494903,381.0,-1.0,0.01,0.05,0.01,0.05,0.0,0.0,0.0,0.0,60.0,269.4287939326456,269.68175689134034,269.56724578479486,144.9346059435082,145.08179589459183,144.60918020651388
1.0635416666666666,-206.4751801064719,121.05668093913694,83.72144289248723,0.0,-1.6,381.8376618407357,-224.85995641732214,-155.56349186104046,428.0,-1.0,0.01,0.05,0.01,0.05,0.0,0.0,0.0,0.0,60.0,269.4287939326456,269.644789491657,269.5926325031899,144.9346059435082,145.11115567040324,144.62950943704402
1.0640625,-197.9898987322333,149.9066376115481,44.12346314604057,0.0,-2.4,366.2813126546316,-281.4284989122459,-84.8528137423857,457.0,-1.0,0.02,0.05,0.01,0.05,0.0,0.0,0.0,0.0,60.0,269.4287939326456,269.59854413553495,269.60642611035814,144.87400560487032,145.01895565752775,144.64015694128656
1.0645833333333334,-183.84776310850236,175.3624817342638,5.656854249492381,0.0,-1.6,336.58282784479667,-325.2691193458119,-11.313708498984761,468.0,-1.0,0.02,0.06,0.01,0.05,0.0,0.0,0.0,0.0,60.0,269.4287939326456,269.54510290487565,269.6081647502538,144.92986234727474,145.01895565752775,144.64236931134667
1.0651041666666667,-161.22034611053286,192.33304448274095,-32.809754647055804,0.0,-1.6,296.98484809834997,-359.21024484276614,62.22539674441619,463.0,-1.0,0.02,0.06,0.01,0.06,0.0,0.0,0.0,0.0,60.0,269.47738773411027,269.54510290487565,269.5978486561048,144.97880017437032,144.9008195283933,144.63421102906463
1.065625,-132.3703894381217,200.8183258569795,-70.14499269370552,0.0,-0.8,243.24473272817235,-377.5950211536164,134.35028842544403,438.0,-1.0,0.02,0.06,0.01,0.06,0.0,0.0,0.0,0.0,60.0,269.5171608636452,269.54510290487565,269.57570828989765,144.97880017437032,144.77740673185164,144.59936030287273
1.0661458333333333,-93.90378054157352,202.2325394193526,-109.74297244015217,0.0,-0.8,168.29141392239833,-376.1808075912433,209.30360723121808,385.0,-1.0,0.02,0.06,0.01,0.06,0.0,0.0,0.0,0.0,60.0,269.57188280679424,269.54510290487565,269.5412769874032,144.97880017437035,144.77740673185164,144.5723867133693
1.0666666666666667,-47.517575695736,193.74725804511402,-148.49242404917499,0.8,-1.6,80.61017305526643,-359.21024484276614,277.18585822512665,313.0,-1.0,0.02,0.06,0.01,0.06,0.0,0.0,0.0,0.0,60.0,269.5849819630167,269.54510290487565,269.49570961334433,145.01231844226203,144.71803619452552,144.5723867133693
1.0671875,-9.05096679918781,182.43354954612929,-172.5340546095176,0.0,0.0,18.38477631085024,-339.4112549695428,321.0264786586926,253.0,-1.0,0.02,0.05,0.01,0.06,0.0,0.0,0.0,0.0,60.0,269.58787992044455,269.54510290487565,269.49570961334433,145.01618013173567,144.71803619452552,144.5723867133693
1.0677083333333333,14.70782104868019,168.29141392239833,-186.67619023324855,0.8,-2.4,-29.698484809834998,-312.54119728445403,342.23968209428904,200.0,-1.0,0.02,0.06,0.01,0.05,0.0,0.0,0.0,0.0,60.0,269.58787992044455,269.54510290487565,269.49570961334433,145.01618013173567,144.666418010539,144.68560743902623
1.0682291666666666,45.254833995939045,144.2497833620557,-190.91883092036784,0.0,-0.8,-89.095454429505,-268.70057685088807,356.38181771802,127.0,-1.0,0.02,0.05,0.01,0.05,0.0,0.0,0.0,0.0,60.0,269.57315797386065,269.54510290487565,269.43714480375564,145.01618013173567,144.666418010539,144.7436958903565
1.06875,83.72144289248723,114.26845583974608,-200.8183258569795,0.0,-1.6,-161.22034611053286,-209.30360723121808,370.52395334175094,33.0,-1.0,0.01,0.05,0.01,0.04,0.0,0.0,0.0,0.0,60.0,269.51982765651957,269.5793018760899,269.43714480375564,144.9747995342639,144.72170707948413,144.86541167580341
1.0692708333333334,124.45079348883237,73.53910524340095,-202.2325394193526,0.0,-3.2,-239.0020920410531,-134.35028842544403,371.93816690412405,-73.0,-1.0,0.01,0.05,0.01,0.05,0.0,0.0,0.0,0.0,60.0,269.4805187764043,269.60121012339687,269.43714480375564,144.9747995342639,144.73953330033922,144.9268781144478
1.0697916666666667,158.39191898578665,29.41564209736038,-190.91883092036784,0.8,-2.4,-298.3990616607231,-55.15432893255071,353.5533905932738,-171.0,-1.0,0.01,0.05,0.0,0.04,0.0,0.0,0.0,0.0,60.0,269.4314616001628,269.6101351952482,269.49501386853154,144.9262916105977,144.73953330033922,144.98486990027615
1.0703125,183.84776310850236,-6.788225099390856,-172.5340546095176,0.8,2.4,-339.4112549695428,15.556349186104047,322.4406922210657,-250.0,-1.0,0.01,0.05,0.0,0.04,0.0,0.0,0.0,0.0,60.0,269.37566705253835,269.607469295641,269.49501386853154,144.98212820896237,144.73566422965698,144.87878554156921
1.0708333333333333,193.74725804511402,-39.59797974644666,-151.32085117392117,0.8,1.6,-363.45288552988546,79.19595949289332,284.2569260369921,-314.0,-1.0,0.0,0.04,0.0,0.04,0.0,0.0,0.0,0.0,60.0,269.37566705253835,269.5943712320419,269.54150886273527,144.98212820896237,144.7053990008666,144.87878554156921
1.0713541666666666,200.8183258569795,-79.19595949289332,-124.45079348883237,0.0,-1.6,-379.0092347159895,151.32085117392117,227.68838354206832,-375.0,-1.0,0.0,0.05,0.0,0.03,0.0,0.0,0.0,0.0,60.0,269.37566705253835,269.5694483801902,269.6156987269102,144.92068520401082,144.68590981847544,144.90901455741115
1.071875,206.4751801064719,-119.92531008923847,-84.8528137423857,0.8,0.8,-383.2518754031088,227.68838354206832,155.56349186104046,-431.0,-1.0,0.0,0.04,0.0,0.02,0.0,0.0,0.0,0.0,60.0,269.37566705253835,269.5320018105457,269.66622888303976,144.9834214660421,144.65646373390993,144.92957772656348
1.0723958333333334,197.9898987322333,-152.73506473629428,-44.12346314604057,0.8,0.8,-367.6955262170047,282.842712474619,84.8528137423857,-459.0,-1.0,0.0,0.03,0.0,0.02,0.0,0.0,0.0,0.0,60.0,269.43586899297577,269.5320018105457,269.68001872589673,145.0435451855752,144.70290252790372,144.91867547007186
1.0729166666666667,179.60512242138307,-171.11984104714452,-7.919595949289333,0.0,0.8,-335.16861428242356,319.6122650963195,14.142135623730951,-464.0,-1.0,0.0,0.04,0.0,0.02,0.0,0.0,0.0,0.0,60.0,269.4907234024949,269.47947509968174,269.6822204002333,145.0435451855752,144.70290252790372,144.91867547007183
1.0734375,158.39191898578665,-189.50461735799476,28.284271247461902,0.8,-2.4,-295.57063453597686,353.5533905932738,-57.9827560572969,-459.0,-1.0,0.0,0.03,0.0,0.02,0.0,0.0,0.0,0.0,60.0,269.5390741617994,269.42137071880546,269.662752340771,145.0435451855752,144.70290252790372,144.91163686881742
1.0739583333333333,132.3703894381217,-202.2325394193526,66.7508801440101,0.8,-2.4,-246.07315985291856,376.1808075912433,-130.10764773832474,-440.0,-1.0,0.0,0.03,0.0,0.01,0.0,0.0,0.0,0.0,60.0,269.5793018760899,269.42137071880546,269.6196394923782,145.10751186620217,144.7644379673406,144.87850944843407
1.0744791666666667,96.16652224137047,-206.4751801064719,105.21748904055829,0.8,-3.2,-181.01933598375618,380.42344827836257,-199.40411229460642,-397.0,-1.0,0.0,0.03,0.0,0.02,0.0,0.0,0.0,0.0,60.0,269.6088602030727,269.42137071880546,269.58683665935916,145.10751186620217,144.82724191256287,144.85269241543287
1.075,58.83128419472076,-199.40411229460642,138.0272436876141,0.0,-1.6,-110.30865786510142,370.52395334175094,-260.2152954766495,-340.0,-1.0,0.0,0.03,0.0,0.03,0.0,0.0,0.0,0.0,60.0,269.62682544583726,269.42137071880546,269.54405947822335,145.12170754232463,144.7661649005043,144.78474539812544
1.0755208333333333,21.496046148071045,-186.67619023324855,164.04877323527904,0.8,-0.8,-39.59797974644666,347.8965363437814,-308.29855659733477,-274.0,-1.0,0.0,0.03,0.0,0.02,0.0,0.0,0.0,0.0,60.0,269.6393424558071,269.42137071880546,269.4933904569832,145.12680662096855,144.7089492740515,144.73444648735145
1.0760416666666666,-18.10193359837562,-166.87720036002523,185.26197667087547,1.6,0.0,35.35533905932738,313.95541084682714,-347.8965363437814,-197.0,-1.0,0.0,0.03,0.0,0.02,0.0,0.0,0.0,0.0,60.0,269.63343171795293,269.5238857689611,269.4933904569832,145.11743520335523,144.7089492740515,144.73444648735145
1.0765625,-57.69991334482228,-141.4213562373095,199.40411229460642,0.8,0.0,107.48023074035522,265.8721497261419,-373.3523804664971,-112.0,-1.0,0.0,0.03,0.0,0.03,0.0,0.0,0.0,0.0,60.0,269.597732742692,269.567361711317,269.4933904569832,145.07401559204186,144.66553666993394,144.67333029967895
1.0770833333333334,-95.035151391472,-110.87434329005066,203.6467529817257,0.0,-1.6,178.19090885901,206.4751801064719,-383.2518754031088,-20.0,-1.0,0.0,0.04,0.0,0.02,0.0,0.0,0.0,0.0,60.0,269.5684050477726,269.6345906963719,269.4933904569832,145.05071526883282,144.69249289441385,144.54799375985817
1.0776041666666667,-130.10764773832474,-73.53910524340095,200.8183258569795,0.0,-1.6,243.24473272817235,135.76450198781714,-377.5950211536164,75.0,-1.0,0.0,0.04,0.0,0.03,0.0,0.0,0.0,0.0,60.0,269.52840759370804,269.6786281854756,269.4933904569832,145.01886084230563,144.69249289441385,144.42427946851595
1.078125,-161.22034611053286,-32.809754647055804,192.33304448274095,0.8,-0.8,296.98484809834997,62.22539674441619,-357.7960312803931,165.0,-1.0,0.0,0.04,0.0,0.04,0.0,0.0,0.0,0.0,60.0,269.52840759370804,269.68870944108875,269.4933904569832,145.01886084230563,144.70037145771258,144.4829055632534
1.0786458333333333,-182.43354954612929,5.656854249492381,175.3624817342638,0.8,-0.8,337.9970414071697,-12.727922061357857,-325.2691193458119,248.0,-1.0,0.0,0.04,0.0,0.04,0.0,0.0,0.0,0.0,60.0,269.47286505323683,269.6840744278386,269.54661006957593,145.01886084230563,144.70037145771258,144.5363189651653
1.0791666666666666,-197.9898987322333,46.38620484583752,151.32085117392117,0.8,0.0,367.6955262170047,-86.2670273047588,-281.4284989122459,320.0,-1.0,0.0,0.05,0.0,0.04,0.0,0.0,0.0,0.0,60.0,269.47286505323683,269.66982126296597,269.5926325031899,144.95829572673654,144.7115665729592,144.58236406975783
1.0796875,-206.4751801064719,82.59007204258876,122.18805178903543,0.0,-1.6,381.8376618407357,-155.56349186104046,-224.85995641732214,380.0,-1.0,0.01,0.05,0.0,0.05,0.0,0.0,0.0,0.0,60.0,269.47286505323683,269.6442100249883,269.62937525425525,144.95829572673654,144.69124887151955,144.58236406975783
1.0802083333333334,-206.4751801064719,118.79393923933999,85.98418459228418,0.8,-0.8,381.8376618407357,-223.44574285494903,-158.39191898578665,427.0,-1.0,0.02,0.05,0.0,0.05,0.0,0.0,0.0,0.0,60.0,269.47286505323683,269.607469295641,269.6808298711646,144.95829572673654,144.63262944439614,144.62385695313205
1.0807291666666667,-197.9898987322333,149.9066376115481,46.38620484583752,0.0,-0.8,366.2813126546316,-280.01428534987286,-86.2670273047588,457.0,-1.0,0.02,0.05,0.01,0.05,0.0,0.0,0.0,0.0,60.0,269.47286505323683,269.561449395124,269.69485071094704,144.95829572673654,144.63262944439614,144.64598162410184
1.08125,-182.43354954612929,173.9482681718907,6.788225099390856,0.8,-0.8,337.9970414071697,-323.85490578343877,-12.727922061357857,468.0,-1.0,0.01,0.06,0.01,0.06,0.0,0.0,0.0,0.0,60.0,269.5281757071049,269.5082327128431,269.69682052260094,144.9024499447818,144.57925162346083,144.64750257090512
1.0817708333333333,-161.22034611053286,195.16147160748713,-30.547012947258857,0.0,1.6,298.3990616607231,-357.7960312803931,60.81118318204309,464.0,-1.0,0.02,0.05,0.01,0.06,0.0,0.0,0.0,0.0,60.0,269.5769834388685,269.4494386707829,269.686739570191,144.9024499447818,144.6976502919104,144.6320158194582
1.0822916666666667,-132.3703894381217,203.6467529817257,-70.14499269370552,0.0,0.8,244.65894629054546,-377.5950211536164,132.93607486307096,439.0,-1.0,0.02,0.05,0.01,0.06,0.0,0.0,0.0,0.0,60.0,269.616973686747,269.4494386707829,269.6648382715107,144.9024499447818,144.82113105482915,144.6320158194582
1.0828125,-93.90378054157352,203.6467529817257,-108.6116015902537,0.0,0.8,169.7056274847714,-377.5950211536164,206.4751801064719,386.0,-1.0,0.02,0.06,0.01,0.06,0.0,0.0,0.0,0.0,60.0,269.64467359842286,269.5112474461873,269.5966895197343,144.90244994478184,144.88304766258887,144.60532493653199
1.0833333333333333,-46.38620484583752,192.33304448274095,-145.6639969244288,0.0,-0.0,83.43860018001261,-359.21024484276614,274.35743110038044,315.0,-1.0,0.02,0.06,0.01,0.06,0.0,0.0,0.0,0.0,60.0,269.6715594941372,269.5112474461873,269.5062615228077,144.89099350891348,144.8241519913029,144.51539710356124
1.0838541666666666,-11.313708498984761,183.84776310850236,-172.5340546095176,0.0,-0.8,19.79898987322333,-339.4112549695428,319.6122650963195,255.0,-1.0,0.02,0.05,0.01,0.06,0.0,0.0,0.0,0.0,60.0,269.67468828201135,269.5112474461873,269.45372979418937,144.89596267667366,144.88002795416628,144.51539710356124
1.084375,13.576450198781712,169.7056274847714,-185.26197667087547,0.0,-1.6,-28.284271247461902,-313.95541084682714,340.82546853191593,202.0,-1.0,0.01,0.06,0.0,0.06,0.0,0.0,0.0,0.0,60.0,269.6699371453926,269.56260868302934,269.39770785958814,144.89251188380993,144.93157005980444,144.45851480615465
1.0848958333333334,45.254833995939045,145.6639969244288,-190.91883092036784,0.0,-0.0,-87.6812408671319,-270.1147904132612,357.7960312803931,129.0,-1.0,0.02,0.05,0.0,0.05,0.0,0.0,0.0,0.0,60.0,269.6554514561128,269.6067738392342,269.45628124057527,144.89251188380993,144.97576521612154,144.45851480615462
1.0854166666666667,82.59007204258876,116.53119753954304,-197.9898987322333,0.0,0.8,-159.80613254815975,-210.7178207935912,370.52395334175094,36.0,-1.0,0.01,0.05,0.0,0.05,0.0,0.0,0.0,0.0,60.0,269.6291434544864,269.64119677823714,269.4562812405753,144.87221955916877,145.0320395636771,144.33645589385932
1.0859375,123.3194226389339,75.8018469431979,-200.8183258569795,0.8,-1.6,-236.17366491630688,-137.17871555019022,371.93816690412405,-69.0,-1.0,0.01,0.05,0.0,0.04,0.0,0.0,0.0,0.0,60.0,269.5512474465663,269.6856966915376,269.4562812405753,144.8419828640854,145.06844074436037,144.2747379134684
